# Matter power spectrum P(k) at redshift z=0
# for k=1.01052e-05 to 16.0333 h/Mpc,
# number of wavenumbers equal to 124
#    1:k (h/Mpc)              2:P (Mpc/h)^3        
       1.010516862522e-05       4.117026187079e+01 
       1.272165357276e-05       5.170767175012e+01 
       1.601561296279e-05       6.494203814613e+01 
       2.016246214431e-05       8.156356593026e+01 
       2.538303595781e-05       1.024390392813e+02 
       3.195534899577e-05       1.286569543739e+02 
       4.022940089353e-05       1.615840833437e+02 
       5.064581508612e-05       2.029364275527e+02 
       6.375930361294e-05       2.548679884545e+02 
       8.026820755663e-05       3.200817089723e+02 
       1.010516862522e-04       4.019676124272e+02 
       1.272165357276e-04       5.047740623796e+02 
       1.601561296279e-04       6.338184297806e+02 
       2.016246214431e-04       7.957431962193e+02 
       2.538303595781e-04       9.988216442549e+02 
       3.195534899577e-04       1.253312656040e+03 
       4.022940089353e-04       1.571855533137e+03 
       5.064581508612e-04       1.969882712029e+03 
       6.375930361294e-04       2.466010861155e+03 
       8.026820755663e-04       3.082341505248e+03 
       1.010516862522e-03       3.844524431661e+03 
       1.272165357276e-03       4.781277693145e+03 
       1.601561296279e-03       5.923233306145e+03 
       2.016246214431e-03       7.299926179173e+03 
       2.538303595781e-03       8.935933927474e+03 
       3.195534899577e-03       1.084451247412e+04 
       4.022940089353e-03       1.301971457269e+04 
       5.064581508612e-03       1.542583261394e+04 
       6.375930361294e-03       1.798345756408e+04 
       8.026820755663e-03       2.055247461776e+04 
       1.010516862522e-02       2.291590824939e+04 
       1.272165357276e-02       2.476634342319e+04 
       1.601561296278e-02       2.571596216259e+04 
       2.016246207052e-02       2.534535760420e+04 
       2.538296748929e-02       2.339546411411e+04 
       3.194421423031e-02       2.010684922398e+04 
       3.980175554626e-02       1.657936535636e+04 
       4.672097630877e-02       1.440751560575e+04 
       5.169538474830e-02       1.332910989878e+04 
       5.574954477028e-02       1.264713918362e+04 
       5.934692648603e-02       1.212406535009e+04 
       6.269008499614e-02       1.166553072139e+04 
       6.588453677452e-02       1.122668403542e+04 
       6.899283500221e-02       1.078513235667e+04 
       7.205571976315e-02       1.033102396996e+04 
       7.510171033246e-02       9.862585303979e+03 
       7.815196632375e-02       9.383510025272e+03 
       8.122296805756e-02       8.901138007435e+03 
       8.432809506989e-02       8.424892600506e+03 
       8.747860594423e-02       7.964812530710e+03 
       9.068427312912e-02       7.530279123833e+03 
       9.395380897727e-02       7.128937133662e+03 
       9.729516012148e-02       6.765868370962e+03 
       1.007157158150e-01       6.443113645293e+03 
       1.042224582788e-01       6.159551561895e+03 
       1.078220728737e-01       5.911066549260e+03 
       1.115210297617e-01       5.691066156902e+03 
       1.153256449071e-01       5.491191619544e+03 
       1.192421258470e-01       5.302294547406e+03 
       1.232766060941e-01       5.115699584649e+03 
       1.274351710005e-01       4.924496357914e+03 
       1.317238772317e-01       4.724793486971e+03 
       1.361487675425e-01       4.516439239579e+03 
       1.407158822420e-01       4.302892726363e+03 
       1.454312685390e-01       4.090252416568e+03 
       1.503009888259e-01       3.885521183309e+03 
       1.553311288795e-01       3.694772039454e+03 
       1.605278069013e-01       3.521636073789e+03 
       1.658971842926e-01       3.366590636251e+03 
       1.714454790344e-01       3.227119396963e+03 
       1.771789825315e-01       3.098712792522e+03 
       1.831040807702e-01       2.976440455788e+03 
       1.892272806344e-01       2.856072779169e+03 
       1.955552422255e-01       2.735505582145e+03 
       2.020948180466e-01       2.615431734822e+03 
       2.088530999382e-01       2.498430898422e+03 
       2.158374747082e-01       2.387295143119e+03 
       2.230556894920e-01       2.283694896508e+03 
       2.305159280169e-01       2.187746729502e+03 
       2.382268991540e-01       2.098306528580e+03 
       2.461979394297e-01       2.013602425402e+03 
       2.544391315751e-01       1.932232619555e+03 
       2.629614417287e-01       1.853705737530e+03 
       2.717768786347e-01       1.778303797121e+03 
       2.808986791376e-01       1.706556262403e+03 
       2.903415255376e-01       1.638701973995e+03 
       3.001218020531e-01       1.574502758045e+03 
       3.102578998668e-01       1.513466497131e+03 
       3.207705832277e-01       1.455197546247e+03 
       3.316834331381e-01       1.399499438936e+03 
       3.430233907158e-01       1.346297976695e+03 
       3.548214300390e-01       1.295508322898e+03 
       3.671134011570e-01       1.246978896042e+03 
       3.799410995083e-01       1.200504582230e+03 
       3.933536406270e-01       1.155910476557e+03 
       4.074092525764e-01       1.113055430063e+03 
       4.221776492933e-01       1.071792799569e+03 
       4.377432264561e-01       1.031968740711e+03 
       4.542094456829e-01       9.934223625304e+02 
       4.717049748577e-01       9.559840767829e+02 
       4.903924908703e-01       9.194821869427e+02 
       5.104816376077e-01       8.837266699074e+02 
       5.322486875600e-01       8.484924694372e+02 
       5.560674379104e-01       8.135212633693e+02 
       5.824597810725e-01       7.784936389097e+02 
       6.121825356377e-01       7.429885857385e+02 
       6.463851909260e-01       7.064306381136e+02 
       6.869161270787e-01       6.679754953229e+02 
       7.369639884762e-01       6.263050131570e+02 
       8.025106965031e-01       5.792239443160e+02 
       8.957710408621e-01       5.229639544409e+02 
       1.041974362033e+00       4.519756564321e+02 
       1.276641617245e+00       3.654471157261e+02 
       1.603400863246e+00       2.790176349652e+02 
       2.018477450196e+00       2.044923184094e+02 
       2.541112176407e+00       1.447165730211e+02 
       3.199070692850e+00       9.964391553238e+01 
       4.027391389355e+00       6.715846363314e+01 
       5.070185363299e+00       4.446207539498e+01 
       6.382985196364e+00       2.896140923194e+01 
       8.035702266809e+00       1.856945827447e+01 
       1.011634978530e+01       1.172828584504e+01 
       1.273572981931e+01       7.299798480737e+00 
       1.603333390727e+01       4.479815722559e+00 
