# Matter power spectrum P(k) at redshift z=0
# for k=9.1423e-06 to 147.875 h/Mpc,
# number of wavenumbers equal to 1050
#    1:k (h/Mpc)              2:P (Mpc/h)^3        
       9.142301902038e-06       5.447706888424e+01 
       2.042836597042e-05       1.207250520104e+02 
       3.174488752173e-05       1.867502079025e+02 
       4.311522865390e-05       2.528360786311e+02 
       5.456304853649e-05       3.191830007065e+02 
       6.611246550713e-05       3.859645924248e+02 
       7.778822318636e-05       4.533441677190e+02 
       8.961586233824e-05       5.214817164941e+02 
       1.016219002179e-04       5.905378179523e+02 
       1.138340191660e-04       6.606762097279e+02 
       1.262812662254e-04       7.320658046814e+02 
       1.389942655637e-04       8.048823711325e+02 
       1.520054454676e-04       8.793101195453e+02 
       1.653492816298e-04       9.555432485612e+02 
       1.790625583411e-04       1.033787452997e+03 
       1.931846490226e-04       1.114261516620e+03 
       2.077578172346e-04       1.197198922761e+03 
       2.228275388594e-04       1.282849548607e+03 
       2.384428455003e-04       1.371481405718e+03 
       2.546566882281e-04       1.463382448784e+03 
       2.715263195374e-04       1.558862405074e+03 
       2.891136896784e-04       1.658254649437e+03 
       3.074858512794e-04       1.761917974535e+03 
       3.267153632765e-04       1.870238348942e+03 
       3.468806814870e-04       1.983630432998e+03 
       3.680665186256e-04       2.102538833841e+03 
       3.903641511005e-04       2.227438914882e+03 
       4.138716435752e-04       2.358837005123e+03 
       4.386939552177e-04       2.497269777585e+03 
       4.649428841519e-04       2.643302578376e+03 
       4.927367995586e-04       2.797526366173e+03 
       5.222001051978e-04       2.960553012709e+03 
       5.534623753241e-04       3.133008668055e+03 
       5.866571059730e-04       3.315524727072e+03 
       6.219200336200e-04       3.508726529050e+03 
       6.593869915032e-04       3.713219506959e+03 
       6.991913031280e-04       3.929572565830e+03 
       7.414607530734e-04       4.158299884559e+03 
       7.863142254615e-04       4.399840903186e+03 
       8.338581557634e-04       4.654539925464e+03 
       8.841829943470e-04       4.922626613166e+03 
       9.373599203089e-04       5.204198776679e+03 
       9.934380610870e-04       5.499208749320e+03 
       1.052442458731e-03       5.807455362675e+03 
       1.114372974288e-03       6.128581950199e+03 
       1.179204241559e-03       6.462081018832e+03 
       1.246886681911e-03       6.807305428644e+03 
       1.317348489320e-03       7.163485908377e+03 
       1.390498406856e-03       7.529751669425e+03 
       1.466229056198e-03       7.905154285576e+03 
       1.544420557523e-03       8.288692558576e+03 
       1.624944187283e-03       8.679336691610e+03 
       1.707665858822e-03       9.076050225675e+03 
       1.792449264561e-03       9.477810172278e+03 
       1.879158577464e-03       9.883622871871e+03 
       1.967660664612e-03       1.029253774775e+04 
       2.057826811067e-03       1.070365704494e+04 
       2.149533985243e-03       1.111615769362e+04 
       2.242665697758e-03       1.152923934354e+04 
       2.337112516074e-03       1.194218573416e+04 
       2.432772299396e-03       1.235434345006e+04 
       2.529550215073e-03       1.276511829682e+04 
       2.627358591245e-03       1.317397603600e+04 
       2.726116652414e-03       1.358043580342e+04 
       2.825750176298e-03       1.398406751908e+04 
       2.926191102443e-03       1.438448968442e+04 
       3.027377116072e-03       1.478136378947e+04 
       3.129251224687e-03       1.517439029040e+04 
       3.231761340098e-03       1.556330711073e+04 
       3.334859874634e-03       1.594788433451e+04 
       3.438503357277e-03       1.632792287206e+04 
       3.542652073199e-03       1.670324945011e+04 
       3.647269728439e-03       1.707371659619e+04 
       3.752323140264e-03       1.743919617610e+04 
       3.857781952900e-03       1.779958431495e+04 
       3.963618377711e-03       1.815478297043e+04 
       4.069806956582e-03       1.850472862737e+04 
       4.176324346991e-03       1.884935544610e+04 
       4.283149127218e-03       1.918861728768e+04 
       4.390261620052e-03       1.952247454786e+04 
       4.497643733425e-03       1.985090789869e+04 
       4.605278816460e-03       2.017388949535e+04 
       4.713151529487e-03       2.049141436465e+04 
       4.821247726712e-03       2.080348421148e+04 
       4.929554350285e-03       2.111009918276e+04 
       5.038059334664e-03       2.141126533988e+04 
       5.146751520224e-03       2.170700463010e+04 
       5.255620575196e-03       2.199733344896e+04 
       5.364656925092e-03       2.228228228152e+04 
       5.473851688853e-03       2.256186174732e+04 
       5.583196621035e-03       2.283612209735e+04 
       5.692684059437e-03       2.310508411116e+04 
       5.802306877601e-03       2.336878735866e+04 
       5.912058441713e-03       2.362726772506e+04 
       6.021932571446e-03       2.388056527889e+04 
       6.131923504366e-03       2.412871268304e+04 
       6.242025863534e-03       2.437178500519e+04 
       6.352234628010e-03       2.460979249991e+04 
       6.462545105948e-03       2.484278719854e+04 
       6.572952910051e-03       2.507082141962e+04 
       6.683453935152e-03       2.529394044581e+04 
       6.794044337716e-03       2.551219445907e+04 
       6.904720517079e-03       2.572562053759e+04 
       7.015479098275e-03       2.593428037295e+04 
       7.126316916277e-03       2.613820806235e+04 
       7.237231001548e-03       2.633746813145e+04 
       7.348218566769e-03       2.653209706630e+04 
       7.459276994633e-03       2.672215390477e+04 
       7.570403826622e-03       2.690767898963e+04 
       7.681596752669e-03       2.708874250190e+04 
       7.792853601634e-03       2.726536942126e+04 
       7.904172332519e-03       2.743761049593e+04 
       8.015551026358e-03       2.760553767908e+04 
       8.126987878725e-03       2.776918171593e+04 
       8.238481192813e-03       2.792857645902e+04 
       8.350029373024e-03       2.808381769239e+04 
       8.461630919043e-03       2.823491024448e+04 
       8.573284420341e-03       2.838191672382e+04 
       8.684988551082e-03       2.852487146067e+04 
       8.796742065404e-03       2.866385245883e+04 
       8.908543793029e-03       2.879888487535e+04 
       9.020392635194e-03       2.893002976195e+04 
       9.132287560868e-03       2.905730410815e+04 
       9.244227603231e-03       2.918079295348e+04 
       9.356211856406e-03       2.930054634595e+04 
       9.468239472414e-03       2.941655250147e+04 
       9.580309658337e-03       2.952889676362e+04 
       9.692421673679e-03       2.963762772597e+04 
       9.804574827907e-03       2.974279375365e+04 
       9.916768478159e-03       2.984441295985e+04 
       1.002900202710e-02       2.994254414682e+04 
       1.014127492095e-02       3.003723058950e+04 
       1.025358664760e-02       3.012853503442e+04 
       1.036593673488e-02       3.021647683484e+04 
       1.047832474897e-02       3.030108405097e+04 
       1.059075029286e-02       3.038244085292e+04 
       1.070321300496e-02       3.046054075935e+04 
       1.081571255778e-02       3.053550046188e+04 
       1.092824865671e-02       3.060727011483e+04 
       1.104082103886e-02       3.067595557481e+04 
       1.115342947205e-02       3.074156430431e+04 
       1.126607375373e-02       3.080413622731e+04 
       1.137875371015e-02       3.086374143400e+04 
       1.149146919543e-02       3.092039407638e+04 
       1.160422009082e-02       3.097415155405e+04 
       1.171700630389e-02       3.102502788711e+04 
       1.182982776790e-02       3.107306626649e+04 
       1.194268444115e-02       3.111833811711e+04 
       1.205557630635e-02       3.116081674182e+04 
       1.216850337014e-02       3.120060880459e+04 
       1.228146566253e-02       3.123772263736e+04 
       1.239446323645e-02       3.127215895916e+04 
       1.250749616736e-02       3.130402256544e+04 
       1.262056455281e-02       3.133330025741e+04 
       1.273366851212e-02       3.136004523249e+04 
       1.284680818605e-02       3.138428324729e+04 
       1.295998373653e-02       3.140605383523e+04 
       1.307319534634e-02       3.142540653445e+04 
       1.318644321896e-02       3.144234309091e+04 
       1.329972757831e-02       3.145692386239e+04 
       1.341304866858e-02       3.146916177939e+04 
       1.352640675410e-02       3.147913908274e+04 
       1.363980211921e-02       3.148681105423e+04 
       1.375323506810e-02       3.149227042630e+04 
       1.386670592483e-02       3.149550870403e+04 
       1.398021503316e-02       3.149659858924e+04 
       1.409376275660e-02       3.149556185368e+04 
       1.420734947833e-02       3.149236446323e+04 
       1.432097560123e-02       3.148713351277e+04 
       1.443464154790e-02       3.147985821573e+04 
       1.454834776069e-02       3.147056913076e+04 
       1.466209470175e-02       3.145927453377e+04 
       1.477588285314e-02       3.144600819624e+04 
       1.488971271689e-02       3.143082904023e+04 
       1.500358481509e-02       3.141380590725e+04 
       1.511749969009e-02       3.139483767259e+04 
       1.523145790458e-02       3.137406750551e+04 
       1.534546004177e-02       3.135151617305e+04 
       1.545950670556e-02       3.132713562526e+04 
       1.557359852077e-02       3.130102651888e+04 
       1.568773613330e-02       3.127314347563e+04 
       1.580192021036e-02       3.124361798967e+04 
       1.591615144076e-02       3.121238459700e+04 
       1.603043053512e-02       3.117954889056e+04 
       1.614475822615e-02       3.114502342211e+04 
       1.625913526894e-02       3.110891812835e+04 
       1.637356244130e-02       3.107129153503e+04 
       1.648804054401e-02       3.103212346732e+04 
       1.660257040124e-02       3.099141635306e+04 
       1.671715286081e-02       3.094924745318e+04 
       1.683178879467e-02       3.090556103009e+04 
       1.694647909916e-02       3.086047257980e+04 
       1.706122469554e-02       3.081398600694e+04 
       1.717602653029e-02       3.076607279523e+04 
       1.729088557565e-02       3.071682257956e+04 
       1.740580282999e-02       3.066623178092e+04 
       1.752077931833e-02       3.061436429281e+04 
       1.763581609284e-02       3.056113062123e+04 
       1.775091423327e-02       3.050667806765e+04 
       1.786607484759e-02       3.045100798684e+04 
       1.798129907241e-02       3.039406273331e+04 
       1.809658807367e-02       3.033597747773e+04 
       1.821194304711e-02       3.027664704672e+04 
       1.832736521894e-02       3.021620757549e+04 
       1.844285584646e-02       3.015468766810e+04 
       1.855841621868e-02       3.009197678558e+04 
       1.867404765700e-02       3.002825629735e+04 
       1.878975151591e-02       2.996346240773e+04 
       1.890552918366e-02       2.989764213536e+04 
       1.902138208306e-02       2.983074230101e+04 
       1.913731167218e-02       2.976292227190e+04 
       1.925331944516e-02       2.969409400487e+04 
       1.936940693303e-02       2.962426124281e+04 
       1.948557570450e-02       2.955357626233e+04 
       1.960182736688e-02       2.948189023480e+04 
       1.971816356692e-02       2.940951103008e+04 
       1.983458599175e-02       2.933609693343e+04 
       1.995109636982e-02       2.926183327281e+04 
       2.006769647190e-02       2.918684806463e+04 
       2.018438811204e-02       2.911090035253e+04 
       2.030117314864e-02       2.903424699753e+04 
       2.041805348555e-02       2.895683943694e+04 
       2.053503107310e-02       2.887866046075e+04 
       2.065210790932e-02       2.879977420453e+04 
       2.076928604110e-02       2.872008576942e+04 
       2.088656756536e-02       2.863970115133e+04 
       2.100395463038e-02       2.855866309529e+04 
       2.112144943704e-02       2.847700785052e+04 
       2.123905424017e-02       2.839464281632e+04 
       2.135677134997e-02       2.831166794368e+04 
       2.147460313338e-02       2.822814176966e+04 
       2.159255201561e-02       2.814397237208e+04 
       2.171062048161e-02       2.805919684865e+04 
       2.182881107768e-02       2.797385713833e+04 
       2.194712641310e-02       2.788803772344e+04 
       2.206556916176e-02       2.780159745071e+04 
       2.218414206396e-02       2.771473153405e+04 
       2.230284792814e-02       2.762731988573e+04 
       2.242168963278e-02       2.753941447210e+04 
       2.254067012831e-02       2.745108718244e+04 
       2.265979243906e-02       2.736230298765e+04 
       2.277905966536e-02       2.727304098937e+04 
       2.289847498562e-02       2.718333220975e+04 
       2.301804165853e-02       2.709333116365e+04 
       2.313776302535e-02       2.700287173877e+04 
       2.325764251225e-02       2.691202403329e+04 
       2.337768363273e-02       2.682080153641e+04 
       2.349788999016e-02       2.672922968480e+04 
       2.361826528040e-02       2.663730003417e+04 
       2.373881329446e-02       2.654506809207e+04 
       2.385953792133e-02       2.645244200909e+04 
       2.398044315090e-02       2.635973320882e+04 
       2.410153307694e-02       2.626663512887e+04 
       2.422281190023e-02       2.617317713477e+04 
       2.434428393182e-02       2.607951474466e+04 
       2.446595359636e-02       2.598568348396e+04 
       2.458782543558e-02       2.589148716906e+04 
       2.470990411197e-02       2.579711856127e+04 
       2.483219441246e-02       2.570252432997e+04 
       2.495470125236e-02       2.560781374376e+04 
       2.507742967943e-02       2.551279015052e+04 
       2.520038487806e-02       2.541767312466e+04 
       2.532357217365e-02       2.532229455035e+04 
       2.544699703721e-02       2.522683597399e+04 
       2.557066509004e-02       2.513120677856e+04 
       2.569458210868e-02       2.503546974460e+04 
       2.581875403005e-02       2.493953039607e+04 
       2.594318695678e-02       2.484356057196e+04 
       2.606788716274e-02       2.474739101999e+04 
       2.619286109890e-02       2.465119771575e+04 
       2.631811539930e-02       2.455491847276e+04 
       2.644365688737e-02       2.445850099352e+04 
       2.656949258250e-02       2.436211182327e+04 
       2.669562970688e-02       2.426559780603e+04 
       2.682207569261e-02       2.416895629738e+04 
       2.694883818922e-02       2.407227072179e+04 
       2.707592507139e-02       2.397569866001e+04 
       2.720334444715e-02       2.387902271951e+04 
       2.733110466633e-02       2.378228991161e+04 
       2.745921432949e-02       2.368553322906e+04 
       2.758768229717e-02       2.358884621029e+04 
       2.771651769967e-02       2.349213962408e+04 
       2.784572994721e-02       2.339532935465e+04 
       2.797532874062e-02       2.329861501678e+04 
       2.810532408246e-02       2.320194769860e+04 
       2.823572628878e-02       2.310538113531e+04 
       2.836654600141e-02       2.300870121637e+04 
       2.849779420081e-02       2.291205762834e+04 
       2.862948221961e-02       2.281549044434e+04 
       2.876162175681e-02       2.271903835856e+04 
       2.889422489271e-02       2.262255520372e+04 
       2.902730410456e-02       2.252622097734e+04 
       2.916087228309e-02       2.242989343799e+04 
       2.929494274984e-02       2.233369238471e+04 
       2.942952927541e-02       2.223750763609e+04 
       2.956464609872e-02       2.214143131503e+04 
       2.970030794728e-02       2.204539473410e+04 
       2.983653005854e-02       2.194946955669e+04 
       2.997332820245e-02       2.185365213985e+04 
       3.011071870525e-02       2.175790587110e+04 
       3.024871847465e-02       2.166227702137e+04 
       3.038734502633e-02       2.156673461581e+04 
       3.052661651207e-02       2.147134874966e+04 
       3.066655174945e-02       2.137610398292e+04 
       3.080717025335e-02       2.128082158637e+04 
       3.094849226925e-02       2.118573474999e+04 
       3.109053880859e-02       2.109078725966e+04 
       3.123333168627e-02       2.099587321577e+04 
       3.137689356045e-02       2.090110643184e+04 
       3.152124797482e-02       2.080656496939e+04 
       3.166641940356e-02       2.071215679432e+04 
       3.181243329916e-02       2.061773927150e+04 
       3.195931614334e-02       2.052348740793e+04 
       3.210709550131e-02       2.042933214092e+04 
       3.225580007958e-02       2.033533087693e+04 
       3.240545978774e-02       2.024150990701e+04 
       3.255610580438e-02       2.014778674176e+04 
       3.270777064756e-02       2.005416852125e+04 
       3.286048825027e-02       1.996062027397e+04 
       3.301429404117e-02       1.986733926048e+04 
       3.316922503112e-02       1.977410751662e+04 
       3.332531990612e-02       1.968098862386e+04 
       3.348261912700e-02       1.958794788745e+04 
       3.364116503662e-02       1.949515294134e+04 
       3.380100197525e-02       1.940241311171e+04 
       3.396217640486e-02       1.930977945767e+04 
       3.412473704305e-02       1.921726915063e+04 
       3.428873500773e-02       1.912470331218e+04 
       3.445422397347e-02       1.903247434274e+04 
       3.462126034056e-02       1.894020843921e+04 
       3.478990341831e-02       1.884815515829e+04 
       3.496021562374e-02       1.875615620787e+04 
       3.513226269738e-02       1.866417589596e+04 
       3.530611393793e-02       1.857232033026e+04 
       3.548184245786e-02       1.848057205926e+04 
       3.565952546193e-02       1.838889447721e+04 
       3.583924455151e-02       1.829731263997e+04 
       3.602108605724e-02       1.820577760559e+04 
       3.620514140343e-02       1.811424645160e+04 
       3.639150750778e-02       1.802273527689e+04 
       3.658028722053e-02       1.793130037994e+04 
       3.677158980783e-02       1.783987964886e+04 
       3.696553148464e-02       1.774855379957e+04 
       3.716223600330e-02       1.765716523102e+04 
       3.736183530482e-02       1.756574281361e+04 
       3.756447024092e-02       1.747443338536e+04 
       3.777029137619e-02       1.738300064041e+04 
       3.797945988100e-02       1.729151493706e+04 
       3.819214852768e-02       1.720004147658e+04 
       3.840854280422e-02       1.710847093560e+04 
       3.862884216247e-02       1.701680709665e+04 
       3.885326142018e-02       1.692507470435e+04 
       3.908203234004e-02       1.683315167145e+04 
       3.931540541240e-02       1.674111197249e+04 
       3.955365187363e-02       1.664892675983e+04 
       3.979706599746e-02       1.655654869854e+04 
       4.004596770395e-02       1.646396980295e+04 
       4.030070553905e-02       1.637114664640e+04 
       4.056166008822e-02       1.627803096724e+04 
       4.082924790010e-02       1.618468096002e+04 
       4.110392601194e-02       1.609095867815e+04 
       4.138619718772e-02       1.599691563906e+04 
       4.167661600346e-02       1.590237594333e+04 
       4.197579594424e-02       1.580747668972e+04 
       4.228441771406e-02       1.571200211224e+04 
       4.260323900618e-02       1.561602164107e+04 
       4.293310604007e-02       1.551936238052e+04 
       4.327496724488e-02       1.542202661874e+04 
       4.362988956264e-02       1.532389864636e+04 
       4.399907796400e-02       1.522496941217e+04 
       4.438389892014e-02       1.512505603578e+04 
       4.478590876842e-02       1.502403412579e+04 
       4.520688815505e-02       1.492182197058e+04 
       4.564888405036e-02       1.481821295968e+04 
       4.611426122503e-02       1.471302080726e+04 
       4.660576556318e-02       1.460595741395e+04 
       4.712660217591e-02       1.449688942506e+04 
       4.768053195728e-02       1.438535995302e+04 
       4.827199093337e-02       1.427092886402e+04 
       4.890623734290e-02       1.415309354958e+04 
       4.958953149782e-02       1.403108631743e+04 
       5.032935236083e-02       1.390398775872e+04 
       5.113465095559e-02       1.377061494218e+04 
       5.201613138512e-02       1.362928104038e+04 
       5.298653040459e-02       1.347774074267e+04 
       5.406082827785e-02       1.331298485379e+04 
       5.525625699353e-02       1.313086113649e+04 
       5.659187133660e-02       1.292586890426e+04 
       5.808733473876e-02       1.269071751081e+04 
       5.976053863449e-02       1.241669262171e+04 
       6.162393201301e-02       1.209409519998e+04 
       6.368022441642e-02       1.171425371747e+04 
       6.591927076992e-02       1.127247660418e+04 
       6.831837140742e-02       1.077123243788e+04 
       7.084668078955e-02       1.022174483061e+04 
       7.347169455168e-02       9.642956429815e+03 
       7.616463927640e-02       9.058145848454e+03 
       7.890304410401e-02       8.490824143819e+03 
       8.167084084864e-02       7.961141982909e+03 
       8.445720592514e-02       7.484037475897e+03 
       8.725512817425e-02       7.068011780521e+03 
       9.006017781535e-02       6.715699454515e+03 
       9.286959928654e-02       6.424378257301e+03 
       9.568169481647e-02       6.187190490352e+03 
       9.849542439788e-02       5.994388951012e+03 
       1.013101531060e-01       5.834268172085e+03 
       1.041254940331e-01       5.694716378057e+03 
       1.069412115928e-01       5.563925772958e+03 
       1.097571623359e-01       5.431684231899e+03 
       1.125732588501e-01       5.290195468131e+03 
       1.153894477870e-01       5.134430102368e+03 
       1.182056965034e-01       4.962587513057e+03 
       1.210219849452e-01       4.775726771148e+03 
       1.238383007192e-01       4.577415288214e+03 
       1.266546360984e-01       4.372889926433e+03 
       1.294709862049e-01       4.168242245921e+03 
       1.322873479042e-01       3.969567823734e+03 
       1.351037191336e-01       3.782266590745e+03 
       1.379200984934e-01       3.610535668490e+03 
       1.407364849975e-01       3.457084005690e+03 
       1.435528779211e-01       3.323071532184e+03 
       1.463692767075e-01       3.208168087268e+03 
       1.491856809102e-01       3.110772035479e+03 
       1.520020901579e-01       3.028277766485e+03 
       1.548185041315e-01       2.957409078478e+03 
       1.576349225504e-01       2.894534633766e+03 
       1.604513451633e-01       2.836024681224e+03 
       1.632677717421e-01       2.778555483390e+03 
       1.660842020777e-01       2.719383516007e+03 
       1.689006359771e-01       2.656543565459e+03 
       1.717170732615e-01       2.588957342544e+03 
       1.745335137645e-01       2.516441988559e+03 
       1.773499573308e-01       2.439625552616e+03 
       1.801664038150e-01       2.359780041430e+03 
       1.829828530812e-01       2.278601971076e+03 
       1.857993050018e-01       2.197976245506e+03 
       1.886157594568e-01       2.119748322600e+03 
       1.914322163335e-01       2.045540488746e+03 
       1.942486755257e-01       1.976606805136e+03 
       1.970651369336e-01       1.913759840055e+03 
       1.998816004626e-01       1.857332718051e+03 
       2.026980660239e-01       1.807220480477e+03 
       2.055145335332e-01       1.762917585431e+03 
       2.083310029111e-01       1.723600113601e+03 
       2.111474740822e-01       1.688247129158e+03 
       2.139639469754e-01       1.655725694328e+03 
       2.167804215229e-01       1.624886782212e+03 
       2.195968976609e-01       1.594696901406e+03 
       2.224133753284e-01       1.564290741970e+03 
       2.252298544678e-01       1.533035072567e+03 
       2.280463350241e-01       1.500569055150e+03 
       2.308628169453e-01       1.466785440296e+03 
       2.336793001816e-01       1.431833704875e+03 
       2.364957846857e-01       1.396059780867e+03 
       2.393122704128e-01       1.359948111465e+03 
       2.421287573198e-01       1.324055924632e+03 
       2.449452453658e-01       1.288947053628e+03 
       2.477617345118e-01       1.255134059212e+03 
       2.505782247204e-01       1.223035170722e+03 
       2.533947159560e-01       1.192940848293e+03 
       2.562112081846e-01       1.165006857852e+03 
       2.590277013736e-01       1.139234971097e+03 
       2.618441954919e-01       1.115518605410e+03 
       2.646606905096e-01       1.093635340087e+03 
       2.674771863981e-01       1.073284483493e+03 
       2.702936831301e-01       1.054129117170e+03 
       2.731101806794e-01       1.035813032035e+03 
       2.759266790208e-01       1.018003486315e+03 
       2.787431781302e-01       1.000413522802e+03 
       2.815596779845e-01       9.828163105142e+02 
       2.843761785613e-01       9.650640741458e+02 
       2.871926798393e-01       9.470910920576e+02 
       2.900091817980e-01       9.289003943336e+02 
       2.928256844176e-01       9.105643150153e+02 
       2.956421876793e-01       8.922041677652e+02 
       2.984586915647e-01       8.739719226658e+02 
       3.012751960562e-01       8.560296064945e+02 
       3.040917011369e-01       8.385370941831e+02 
       3.069082067905e-01       8.216290779794e+02 
       3.097247130014e-01       8.054117647423e+02 
       3.125412197544e-01       7.899502984346e+02 
       3.153577270349e-01       7.752682058488e+02 
       3.181742348288e-01       7.613476028720e+02 
       3.209907431225e-01       7.481398301275e+02 
       3.238072519031e-01       7.355650518511e+02 
       3.266237611577e-01       7.235270209067e+02 
       3.294402708743e-01       7.119205580788e+02 
       3.322567810409e-01       7.006364786972e+02 
       3.350732916463e-01       6.895831105769e+02 
       3.378898026794e-01       6.786781826673e+02 
       3.407063141295e-01       6.678625735466e+02 
       3.435228259863e-01       6.570991786156e+02 
       3.463393382400e-01       6.463740680946e+02 
       3.491558508807e-01       6.356939591037e+02 
       3.519723638993e-01       6.250828445381e+02 
       3.547888772867e-01       6.145769913965e+02 
       3.576053910340e-01       6.042204008647e+02 
       3.604219051330e-01       5.940578211795e+02 
       3.632384195753e-01       5.841310390034e+02 
       3.660549343529e-01       5.744754797898e+02 
       3.688714494583e-01       5.651158036768e+02 
       3.716879648838e-01       5.560660057291e+02 
       3.745044806223e-01       5.473274914915e+02 
       3.773209966667e-01       5.388905221933e+02 
       3.801375130102e-01       5.307362973753e+02 
       3.829540296462e-01       5.228386280072e+02 
       3.857705465682e-01       5.151667692885e+02 
       3.885870637700e-01       5.076875072338e+02 
       3.914035812456e-01       5.003708348815e+02 
       3.942200989890e-01       4.931873888916e+02 
       3.970366169945e-01       4.861143395495e+02 
       3.998531352566e-01       4.791346971611e+02 
       4.026696537698e-01       4.722377670091e+02 
       4.054861725290e-01       4.654199525971e+02 
       4.083026915289e-01       4.586824287500e+02 
       4.111192107647e-01       4.520315332302e+02 
       4.139357302316e-01       4.454769003246e+02 
       4.167522499247e-01       4.390303031086e+02 
       4.195687698396e-01       4.327018232790e+02 
       4.223852899717e-01       4.265028570553e+02 
       4.252018103168e-01       4.204416157867e+02 
       4.280183308707e-01       4.145233354991e+02 
       4.308348516291e-01       4.087498531789e+02 
       4.336513725882e-01       4.031201926162e+02 
       4.364678937441e-01       3.976299154358e+02 
       4.392844150929e-01       3.922719938061e+02 
       4.421009366309e-01       3.870377993291e+02 
       4.449174583545e-01       3.819174781196e+02 
       4.477339802603e-01       3.769011607282e+02 
       4.505505023448e-01       3.719781864141e+02 
       4.533670246046e-01       3.671404513934e+02 
       4.561835470365e-01       3.623802871444e+02 
       4.590000696373e-01       3.576922325573e+02 
       4.618165924039e-01       3.530727020478e+02 
       4.646331153334e-01       3.485197277545e+02 
       4.674496384227e-01       3.440325847251e+02 
       4.702661616689e-01       3.396127556155e+02 
       4.730826850693e-01       3.352621917836e+02 
       4.758992086211e-01       3.309827708415e+02 
       4.787157323216e-01       3.267769085914e+02 
       4.815322561682e-01       3.226467206087e+02 
       4.843487801584e-01       3.185936356072e+02 
       4.871653042896e-01       3.146183441886e+02 
       4.899818285594e-01       3.107208288732e+02 
       4.927983529655e-01       3.068994462029e+02 
       4.956148775054e-01       3.031525566913e+02 
       4.984314021770e-01       2.994776063969e+02 
       5.012479269780e-01       2.958712514928e+02 
       5.040644519062e-01       2.923302451585e+02 
       5.068809769595e-01       2.888510056271e+02 
       5.096975021359e-01       2.854300832790e+02 
       5.125140274332e-01       2.820647320699e+02 
       5.153305528495e-01       2.787520596185e+02 
       5.181470783829e-01       2.754898795775e+02 
       5.209636040314e-01       2.722767755397e+02 
       5.237801297932e-01       2.691114551205e+02 
       5.265966556664e-01       2.659932651411e+02 
       5.294131816493e-01       2.629219983331e+02 
       5.322297077402e-01       2.598975437355e+02 
       5.350462339373e-01       2.569199338285e+02 
       5.378627602389e-01       2.539892872195e+02 
       5.406792866435e-01       2.511057767023e+02 
       5.434958131493e-01       2.482691345013e+02 
       5.463123397549e-01       2.454792093651e+02 
       5.491288664587e-01       2.427353927673e+02 
       5.519453932592e-01       2.400369536994e+02 
       5.547619201548e-01       2.373829586280e+02 
       5.575784471443e-01       2.347721563436e+02 
       5.603949742261e-01       2.322033714576e+02 
       5.632115013989e-01       2.296751654829e+02 
       5.660280286613e-01       2.271862723358e+02 
       5.688445560119e-01       2.247352695373e+02 
       5.716610834495e-01       2.223210510114e+02 
       5.744776109728e-01       2.199423992650e+02 
       5.772941385805e-01       2.175982945699e+02 
       5.801106662713e-01       2.152880164472e+02 
       5.829271940442e-01       2.130108243941e+02 
       5.857437218978e-01       2.107661591831e+02 
       5.885602498311e-01       2.085536104142e+02 
       5.913767778429e-01       2.063727530271e+02 
       5.941933059320e-01       2.042232774584e+02 
       5.970098340974e-01       2.021048675171e+02 
       5.998263623381e-01       2.000171624953e+02 
       6.026428906528e-01       1.979599925500e+02 
       6.054594190407e-01       1.959328838318e+02 
       6.082759475006e-01       1.939352552105e+02 
       6.110924760316e-01       1.919668277234e+02 
       6.139090046327e-01       1.900269554157e+02 
       6.167255333030e-01       1.881150264575e+02 
       6.195420620415e-01       1.862306141800e+02 
       6.223585908472e-01       1.843727305097e+02 
       6.251751197193e-01       1.825410986575e+02 
       6.279916486568e-01       1.807349211808e+02 
       6.308081776590e-01       1.789536102257e+02 
       6.336247067248e-01       1.771967309354e+02 
       6.364412358536e-01       1.754637103036e+02 
       6.392577650443e-01       1.737540117813e+02 
       6.420742942963e-01       1.720671975338e+02 
       6.448908236087e-01       1.704030062269e+02 
       6.477073529808e-01       1.687610118743e+02 
       6.505238824117e-01       1.671408577341e+02 
       6.533404119007e-01       1.655422881187e+02 
       6.561569414470e-01       1.639649134464e+02 
       6.589734710499e-01       1.624085507989e+02 
       6.617900007087e-01       1.608728667743e+02 
       6.646065304227e-01       1.593574875117e+02 
       6.674230601911e-01       1.578622167605e+02 
       6.702395900133e-01       1.563866848385e+02 
       6.730561198887e-01       1.549303993923e+02 
       6.758726498164e-01       1.534933612058e+02 
       6.786891797959e-01       1.520748828176e+02 
       6.815057098266e-01       1.506749025280e+02 
       6.843222399078e-01       1.492928758153e+02 
       6.871387700389e-01       1.479284936687e+02 
       6.899553002192e-01       1.465815589181e+02 
       6.927718304482e-01       1.452516221926e+02 
       6.955883607253e-01       1.439384449957e+02 
       6.984048910499e-01       1.426417543127e+02 
       7.012214214214e-01       1.413612288721e+02 
       7.040379518393e-01       1.400966075631e+02 
       7.068544823029e-01       1.388478216700e+02 
       7.096710128118e-01       1.376143109711e+02 
       7.124875433655e-01       1.363961126348e+02 
       7.153040739633e-01       1.351929677242e+02 
       7.181206046048e-01       1.340045076348e+02 
       7.209371352894e-01       1.328307345573e+02 
       7.237536660167e-01       1.316712261897e+02 
       7.265701967862e-01       1.305258642430e+02 
       7.293867275973e-01       1.293945650586e+02 
       7.322032584496e-01       1.282767726385e+02 
       7.350197893426e-01       1.271725836078e+02 
       7.378363202758e-01       1.260816798016e+02 
       7.406528512489e-01       1.250038600081e+02 
       7.434693822612e-01       1.239389336790e+02 
       7.462859133124e-01       1.228866182186e+02 
       7.491024444021e-01       1.218467727771e+02 
       7.519189755298e-01       1.208192004297e+02 
       7.547355066951e-01       1.198036977983e+02 
       7.575520378975e-01       1.188000373782e+02 
       7.603685691367e-01       1.178081282035e+02 
       7.631851004122e-01       1.168277094935e+02 
       7.660016317237e-01       1.158586961592e+02 
       7.688181630707e-01       1.149008857809e+02 
       7.716346944528e-01       1.139540396994e+02 
       7.744512258698e-01       1.130181023922e+02 
       7.772677573211e-01       1.120928316086e+02 
       7.800842888064e-01       1.111782392363e+02 
       7.829008203254e-01       1.102740031919e+02 
       7.857173518777e-01       1.093800269490e+02 
       7.885338834629e-01       1.084962027904e+02 
       7.913504150807e-01       1.076223596944e+02 
       7.941669467307e-01       1.067583182941e+02 
       7.969834784126e-01       1.059039871920e+02 
       7.998000101261e-01       1.050592027651e+02 
       8.026165418708e-01       1.042238296089e+02 
       8.054330736463e-01       1.033977329140e+02 
       8.082496054525e-01       1.025807984795e+02 
       8.110661372888e-01       1.017728486140e+02 
       8.138826691552e-01       1.009737590313e+02 
       8.166992010511e-01       1.001834835012e+02 
       8.195157329764e-01       9.940176739927e+01 
       8.223322649306e-01       9.862854840695e+01 
       8.251487969136e-01       9.786374660469e+01 
       8.279653289250e-01       9.710721280862e+01 
       8.307818609646e-01       9.635882618102e+01 
       8.335983930320e-01       9.561846557142e+01 
       8.364149251270e-01       9.488607101703e+01 
       8.392314572492e-01       9.416147968359e+01 
       8.420479893985e-01       9.344459893483e+01 
       8.448645215745e-01       9.273528834339e+01 
       8.476810537770e-01       9.203356231059e+01 
       8.504975860057e-01       9.133907608271e+01 
       8.533141182604e-01       9.065236052420e+01 
       8.561306505407e-01       8.997298052177e+01 
       8.589471828465e-01       8.930064015546e+01 
       8.617637151775e-01       8.863496456910e+01 
       8.645802475335e-01       8.797580765216e+01 
       8.673967799141e-01       8.732336495362e+01 
       8.702133123192e-01       8.667774524259e+01 
       8.730298447486e-01       8.603910569339e+01 
       8.758463772019e-01       8.540737673169e+01 
       8.786629096790e-01       8.478222896004e+01 
       8.814794421796e-01       8.416330610692e+01 
       8.842959747036e-01       8.355033538165e+01 
       8.871125072506e-01       8.294335229174e+01 
       8.899290398205e-01       8.234228503745e+01 
       8.927455724130e-01       8.174743982982e+01 
       8.955621050280e-01       8.115895541714e+01 
       8.983786376652e-01       8.057658232143e+01 
       9.011951703244e-01       8.000012300798e+01 
       9.040117030054e-01       7.942933922927e+01 
       9.068282357080e-01       7.886382017233e+01 
       9.096447684321e-01       7.830366935935e+01 
       9.124613011773e-01       7.774898195640e+01 
       9.152778339435e-01       7.719990929333e+01 
       9.180943667306e-01       7.665654874171e+01 
       9.209108995383e-01       7.611873356638e+01 
       9.237274323664e-01       7.558625664422e+01 
       9.265439652148e-01       7.505881138965e+01 
       9.293604980832e-01       7.453613336556e+01 
       9.321770309716e-01       7.401837013114e+01 
       9.349935638796e-01       7.350552609319e+01 
       9.378100968071e-01       7.299778683420e+01 
       9.406266297540e-01       7.249519710256e+01 
       9.434431627201e-01       7.199763553834e+01 
       9.462596957052e-01       7.150490241763e+01 
       9.490762287091e-01       7.101663948910e+01 
       9.518927617317e-01       7.053282309937e+01 
       9.547092947728e-01       7.005334930717e+01 
       9.575258278322e-01       6.957841158099e+01 
       9.603423609098e-01       6.910813690163e+01 
       9.631588940055e-01       6.864248926307e+01 
       9.659754271189e-01       6.818139178117e+01 
       9.687919602501e-01       6.772462739126e+01 
       9.716084933989e-01       6.727203431981e+01 
       9.744250265650e-01       6.682333481682e+01 
       9.772415597484e-01       6.637867733831e+01 
       9.800580929489e-01       6.593808213979e+01 
       9.828746261663e-01       6.550179411468e+01 
       9.856911594005e-01       6.506969697560e+01 
       9.885076926514e-01       6.464176748774e+01 
       9.913242259188e-01       6.421775006994e+01 
       9.941407592026e-01       6.379741713485e+01 
       9.969572925026e-01       6.338068597197e+01 
       9.997738258188e-01       6.296760338297e+01 
       1.002590359151e+00       6.255829210136e+01 
       1.005406892499e+00       6.215288290354e+01 
       1.008223425862e+00       6.175131387110e+01 
       1.011039959242e+00       6.135352708321e+01 
       1.013856492636e+00       6.095925075924e+01 
       1.016673026046e+00       6.056833908823e+01 
       1.019489559471e+00       6.018071951792e+01 
       1.022306092911e+00       5.979642924006e+01 
       1.025122626367e+00       5.941558929612e+01 
       1.027939159837e+00       5.903830196876e+01 
       1.030755693321e+00       5.866455218809e+01 
       1.033572226820e+00       5.829419923292e+01 
       1.036388760334e+00       5.792705738006e+01 
       1.039205293862e+00       5.756293579937e+01 
       1.042021827404e+00       5.720182216930e+01 
       1.044838360960e+00       5.684378101010e+01 
       1.047654894531e+00       5.648892211398e+01 
       1.050471428115e+00       5.613731315497e+01 
       1.053287961713e+00       5.578891806986e+01 
       1.056104495324e+00       5.544360363483e+01 
       1.058921028949e+00       5.510119413315e+01 
       1.061737562588e+00       5.476158359481e+01 
       1.064554096240e+00       5.442471074115e+01 
       1.067370629905e+00       5.409063204388e+01 
       1.070187163583e+00       5.375949159801e+01 
       1.073003697274e+00       5.343134554311e+01 
       1.075820230978e+00       5.310612117355e+01 
       1.078636764695e+00       5.278371654880e+01 
       1.081453298425e+00       5.246394162288e+01 
       1.084269832167e+00       5.214673225504e+01 
       1.087086365922e+00       5.183202989038e+01 
       1.089902899689e+00       5.151988707820e+01 
       1.092719433468e+00       5.121045469874e+01 
       1.095535967260e+00       5.090377350899e+01 
       1.098352501064e+00       5.059976704368e+01 
       1.101169034880e+00       5.029835191242e+01 
       1.103985568707e+00       4.999931129235e+01 
       1.106802102547e+00       4.970256309804e+01 
       1.109618636399e+00       4.940820852992e+01 
       1.112435170262e+00       4.911617893776e+01 
       1.115251704136e+00       4.882665673362e+01 
       1.118068238023e+00       4.853967993996e+01 
       1.120884771920e+00       4.825513489100e+01 
       1.123701305829e+00       4.797295136858e+01 
       1.126517839749e+00       4.769294386190e+01 
       1.129334373681e+00       4.741509454901e+01 
       1.132150907623e+00       4.713935762658e+01 
       1.134967441576e+00       4.686587809010e+01 
       1.137783975541e+00       4.659461785705e+01 
       1.140600509516e+00       4.632572256004e+01 
       1.143417043502e+00       4.605909462713e+01 
       1.146233577498e+00       4.579457827106e+01 
       1.149050111505e+00       4.553211373351e+01 
       1.151866645523e+00       4.527158835591e+01 
       1.154683179551e+00       4.501304529327e+01 
       1.157499713589e+00       4.475658201109e+01 
       1.160316247638e+00       4.450217429614e+01 
       1.163132781697e+00       4.424996372431e+01 
       1.165949315766e+00       4.399980203064e+01 
       1.168765849845e+00       4.375158068915e+01 
       1.171582383934e+00       4.350524154401e+01 
       1.174398918033e+00       4.326071222694e+01 
       1.177215452142e+00       4.301798078990e+01 
       1.180031986261e+00       4.277717263958e+01 
       1.182848520389e+00       4.253835912690e+01 
       1.185665054527e+00       4.230150661257e+01 
       1.188481588674e+00       4.206657745833e+01 
       1.191298122831e+00       4.183340703996e+01 
       1.194114656998e+00       4.160195865924e+01 
       1.196931191174e+00       4.137216636539e+01 
       1.199747725359e+00       4.114410144142e+01 
       1.202564259553e+00       4.091778173320e+01 
       1.205380793757e+00       4.069326463640e+01 
       1.208197327969e+00       4.047060718650e+01 
       1.211013862191e+00       4.024969789711e+01 
       1.213830396422e+00       4.003041067851e+01 
       1.216646930661e+00       3.981274658753e+01 
       1.219463464910e+00       3.959659038444e+01 
       1.222279999167e+00       3.938201003220e+01 
       1.225096533433e+00       3.916909087768e+01 
       1.227913067707e+00       3.895785440929e+01 
       1.230729601991e+00       3.874829874485e+01 
       1.233546136282e+00       3.854036603789e+01 
       1.236362670583e+00       3.833394995379e+01 
       1.239179204891e+00       3.812897681222e+01 
       1.241995739208e+00       3.792545384778e+01 
       1.244812273534e+00       3.772335117488e+01 
       1.247628807867e+00       3.752281686433e+01 
       1.250445342209e+00       3.732387176329e+01 
       1.253261876559e+00       3.712640885519e+01 
       1.256078410917e+00       3.693049039052e+01 
       1.258894945284e+00       3.673599687300e+01 
       1.261711479658e+00       3.654279617675e+01 
       1.264528014040e+00       3.635093015421e+01 
       1.267344548430e+00       3.616043032363e+01 
       1.270161082827e+00       3.597133479514e+01 
       1.272977617233e+00       3.578374635782e+01 
       1.275794151646e+00       3.559756137332e+01 
       1.278610686067e+00       3.541275508889e+01 
       1.281427220496e+00       3.522923572474e+01 
       1.284243754932e+00       3.504696814707e+01 
       1.287060289376e+00       3.486587469935e+01 
       1.289876823827e+00       3.468614048152e+01 
       1.292693358286e+00       3.450770762510e+01 
       1.295509892752e+00       3.433062942567e+01 
       1.298326427225e+00       3.415487485268e+01 
       1.301142961706e+00       3.398040278063e+01 
       1.303959496193e+00       3.380710748506e+01 
       1.306776030688e+00       3.363494944037e+01 
       1.309592565191e+00       3.346395390214e+01 
       1.312409099700e+00       3.329411917629e+01 
       1.315225634216e+00       3.312557382014e+01 
       1.318042168740e+00       3.295829694985e+01 
       1.320858703270e+00       3.279223341650e+01 
       1.323675237807e+00       3.262732181334e+01 
       1.326491772351e+00       3.246355368668e+01 
       1.329308306902e+00       3.230082162601e+01 
       1.332124841460e+00       3.213916486119e+01 
       1.334941376024e+00       3.197861666889e+01 
       1.337757910595e+00       3.181924213936e+01 
       1.340574445173e+00       3.166107262744e+01 
       1.343390979757e+00       3.150404036850e+01 
       1.346207514348e+00       3.134807045638e+01 
       1.349024048946e+00       3.119311237666e+01 
       1.351840583550e+00       3.103914644365e+01 
       1.354657118160e+00       3.088618724983e+01 
       1.357473652777e+00       3.073427694085e+01 
       1.360290187401e+00       3.058347588899e+01 
       1.363106722030e+00       3.043374763375e+01 
       1.365923256666e+00       3.028511678337e+01 
       1.368739791308e+00       3.013745793701e+01 
       1.371556325956e+00       2.999077669965e+01 
       1.374372860611e+00       2.984499880896e+01 
       1.377189395272e+00       2.970016056994e+01 
       1.380005929938e+00       2.955630154859e+01 
       1.382822464611e+00       2.941345964463e+01 
       1.385638999290e+00       2.927162872829e+01 
       1.388455533975e+00       2.913083421693e+01 
       1.391272068666e+00       2.899095852316e+01 
       1.394088603362e+00       2.885194396288e+01 
       1.396905138065e+00       2.871377310694e+01 
       1.399721672773e+00       2.857650551813e+01 
       1.402538207488e+00       2.844017044261e+01 
       1.405354742208e+00       2.830480777035e+01 
       1.408171276933e+00       2.817037925966e+01 
       1.410987811665e+00       2.803687201438e+01 
       1.413804346402e+00       2.790424639602e+01 
       1.416620881145e+00       2.777243408346e+01 
       1.419437415893e+00       2.764140200220e+01 
       1.422253950647e+00       2.751120442295e+01 
       1.425070485406e+00       2.738188365637e+01 
       1.427887020171e+00       2.725348414837e+01 
       1.430703554942e+00       2.712595811121e+01 
       1.433520089718e+00       2.699928265391e+01 
       1.436336624499e+00       2.687341549758e+01 
       1.439153159286e+00       2.674829555264e+01 
       1.441969694078e+00       2.662392377737e+01 
       1.444786228875e+00       2.650033134049e+01 
       1.447602763678e+00       2.637757703551e+01 
       1.450419298486e+00       2.625570970090e+01 
       1.453235833299e+00       2.613462040796e+01 
       1.456052368117e+00       2.601431468179e+01 
       1.458868902941e+00       2.589478146308e+01 
       1.461685437769e+00       2.577596152239e+01 
       1.464501972603e+00       2.565781650819e+01 
       1.467318507442e+00       2.554041942669e+01 
       1.470135042286e+00       2.542380697779e+01 
       1.472951577134e+00       2.530798653267e+01 
       1.475768111988e+00       2.519294088802e+01 
       1.478584646847e+00       2.507861628470e+01 
       1.481401181711e+00       2.496498990929e+01 
       1.484217716579e+00       2.485202080151e+01 
       1.487034251453e+00       2.473974322632e+01 
       1.489850786331e+00       2.462816391875e+01 
       1.492667321214e+00       2.451726714004e+01 
       1.495483856102e+00       2.440716687022e+01 
       1.498300390995e+00       2.429777127713e+01 
       1.501116925892e+00       2.418905184275e+01 
       1.503933460794e+00       2.408098455736e+01 
       1.506749995701e+00       2.397353698944e+01 
       1.509566530613e+00       2.386668997269e+01 
       1.512383065529e+00       2.376051432497e+01 
       1.515199600450e+00       2.365501769952e+01 
       1.518016135375e+00       2.355024707864e+01 
       1.520832670305e+00       2.344613308503e+01 
       1.523649205239e+00       2.334270162375e+01 
       1.526465740178e+00       2.323981748485e+01 
       1.529282275121e+00       2.313754366148e+01 
       1.532098810069e+00       2.303584891012e+01 
       1.534915345022e+00       2.293474492810e+01 
       1.537731879978e+00       2.283434441090e+01 
       1.540548414939e+00       2.273457684854e+01 
       1.543364949905e+00       2.263540294032e+01 
       1.546181484874e+00       2.253689815742e+01 
       1.548998019848e+00       2.243891885986e+01 
       1.551814554827e+00       2.234150296145e+01 
       1.554631089809e+00       2.224459854715e+01 
       1.557447624796e+00       2.214833939919e+01 
       1.560264159787e+00       2.205268586211e+01 
       1.563080694782e+00       2.195763578572e+01 
       1.565897229782e+00       2.186314643649e+01 
       1.568713764785e+00       2.176923838348e+01 
       1.571530299793e+00       2.167587913162e+01 
       1.574346834805e+00       2.158300364169e+01 
       1.577163369821e+00       2.149066315052e+01 
       1.579979904841e+00       2.139888785736e+01 
       1.582796439865e+00       2.130766425150e+01 
       1.585612974893e+00       2.121707031539e+01 
       1.588429509925e+00       2.112701773908e+01 
       1.591246044961e+00       2.103744417669e+01 
       1.594062580001e+00       2.094839391145e+01 
       1.596879115044e+00       2.085979315964e+01 
       1.599695650092e+00       2.077175880062e+01 
       1.602512185144e+00       2.068422316567e+01 
       1.605328720199e+00       2.059718483373e+01 
       1.608145255259e+00       2.051077955874e+01 
       1.610961790322e+00       2.042483744936e+01 
       1.613778325389e+00       2.033939629728e+01 
       1.616594860460e+00       2.025439142405e+01 
       1.619411395534e+00       2.016984501999e+01 
       1.622227930613e+00       2.008585840045e+01 
       1.625044465695e+00       2.000227996108e+01 
       1.627861000781e+00       1.991926415597e+01 
       1.630677535870e+00       1.983672999950e+01 
       1.633494070963e+00       1.975469611741e+01 
       1.636310606060e+00       1.967310073419e+01 
       1.639127141160e+00       1.959198099513e+01 
       1.641943676264e+00       1.951124096680e+01 
       1.644760211372e+00       1.943099019630e+01 
       1.647576746483e+00       1.935119948500e+01 
       1.650393281598e+00       1.927190932444e+01 
       1.653209816716e+00       1.919308288290e+01 
       1.656026351838e+00       1.911470604035e+01 
       1.658842886964e+00       1.903678540517e+01 
       1.661659422092e+00       1.895926464875e+01 
       1.664475957225e+00       1.888213149210e+01 
       1.667292492361e+00       1.880542101277e+01 
       1.670109027500e+00       1.872917215744e+01 
       1.672925562642e+00       1.865340044572e+01 
       1.675742097788e+00       1.857810815510e+01 
       1.678558632938e+00       1.850317242370e+01 
       1.681375168091e+00       1.842865834957e+01 
       1.684191703247e+00       1.835456686459e+01 
       1.687008238406e+00       1.828082252338e+01 
       1.689824773569e+00       1.820748475958e+01 
       1.692641308735e+00       1.813457885938e+01 
       1.695457843905e+00       1.806211061121e+01 
       1.698274379077e+00       1.799010056822e+01 
       1.701090914253e+00       1.791849073724e+01 
       1.703907449432e+00       1.784720956778e+01 
       1.706723984615e+00       1.777630345370e+01 
       1.709540519800e+00       1.770575173845e+01 
       1.712357054989e+00       1.763562228917e+01 
       1.715173590181e+00       1.756589725491e+01 
       1.717990125376e+00       1.749658006340e+01 
       1.720806660574e+00       1.742765434307e+01 
       1.723623195775e+00       1.735906501513e+01 
       1.726439730980e+00       1.729089886988e+01 
       1.729256266187e+00       1.722301617331e+01 
       1.732072801398e+00       1.715552815059e+01 
       1.734889336612e+00       1.708837234026e+01 
       1.737705871828e+00       1.702163313160e+01 
       1.740522407048e+00       1.695526975729e+01 
       1.743338942271e+00       1.688927196848e+01 
       1.746155477497e+00       1.682366730364e+01 
       1.748972012726e+00       1.675834697186e+01 
       1.751788547957e+00       1.669337188128e+01 
       1.754605083192e+00       1.662870102381e+01 
       1.757421618430e+00       1.656440581019e+01 
       1.760238153670e+00       1.650047853986e+01 
       1.763054688914e+00       1.643692654574e+01 
       1.765871224160e+00       1.637370955431e+01 
       1.768687759410e+00       1.631083852679e+01 
       1.771504294662e+00       1.624829171137e+01 
       1.774320829917e+00       1.618603053630e+01 
       1.777137365175e+00       1.612406562688e+01 
       1.779953900436e+00       1.606247785955e+01 
       1.782770435699e+00       1.600123135179e+01 
       1.785586970966e+00       1.594029915331e+01 
       1.788403506235e+00       1.587972588367e+01 
       1.791220041507e+00       1.581947969485e+01 
       1.794036576781e+00       1.575952387126e+01 
       1.796853112059e+00       1.569982731096e+01 
       1.799669647339e+00       1.564045004499e+01 
       1.802486182622e+00       1.558141508815e+01 
       1.805302717908e+00       1.552269066502e+01 
       1.808119253196e+00       1.546430529344e+01 
       1.810935788487e+00       1.540622958202e+01 
       1.813752323781e+00       1.534845208159e+01 
       1.816568859078e+00       1.529094324006e+01 
       1.819385394377e+00       1.523369085673e+01 
       1.822201929679e+00       1.517674746302e+01 
       1.825018464983e+00       1.512009356241e+01 
       1.827835000290e+00       1.506379041234e+01 
       1.830651535600e+00       1.500778485681e+01 
       1.833468070912e+00       1.495207203305e+01 
       1.836284606227e+00       1.489662800657e+01 
       1.839101141544e+00       1.484146259575e+01 
       1.841917676864e+00       1.478654884088e+01 
       1.844734212186e+00       1.473190307327e+01 
       1.847550747511e+00       1.467756375207e+01 
       1.850367282839e+00       1.462350533033e+01 
       1.853183818169e+00       1.456980200578e+01 
       1.856000353501e+00       1.451629930875e+01 
       1.858816888836e+00       1.446309978985e+01 
       1.861633424174e+00       1.441011842656e+01 
       2.343657521127e+00       8.216936697301e+00 
       2.950490009842e+00       4.651890836436e+00 
       3.714446850635e+00       2.616418283629e+00 
       4.676211531024e+00       1.462835716577e+00 
       5.887001527331e+00       8.134079746068e-01 
       7.411295822028e+00       4.500445137294e-01 
       9.330268644675e+00       2.479446330158e-01 
       1.174611229565e+01       1.359251565667e-01 
       1.478747925878e+01       7.419323805102e-02 
       1.861633341526e+01       4.037060165896e-02 
       2.343657521090e+01       2.192313177904e-02 
       2.950490009842e+01       1.180107233178e-02 
       3.714446850635e+01       6.392374130318e-03 
       4.676211531024e+01       3.405578946319e-03 
       5.887001527331e+01       1.821878509929e-03 
       7.411295822028e+01       9.784164038386e-04 
       9.330268644675e+01       5.114857025769e-04 
       1.174611229565e+02       2.745192317800e-04 
       1.478747925878e+02       1.403456214488e-04 
