# Matter power spectrum P(k) at redshift z=0
# for k=1.01057e-05 to 16.0343 h/Mpc,
# number of wavenumbers equal to 124
#    1:k (h/Mpc)              2:P (Mpc/h)^3        
       1.010567660416e-05       4.117198607314e+01 
       1.272229308035e-05       5.170983812730e+01 
       1.601641805515e-05       6.494475947266e+01 
       2.016347569554e-05       8.156698661095e+01 
       2.538431194322e-05       1.024433412187e+02 
       3.195695536622e-05       1.286623648325e+02 
       4.023142319411e-05       1.615908966149e+02 
       5.064836101171e-05       2.029450208465e+02 
       6.376250874337e-05       2.548788526572e+02 
       8.027224257678e-05       3.200954923996e+02 
       1.010567660416e-04       4.019852036307e+02 
       1.272229308035e-04       5.047967136475e+02 
       1.601641805515e-04       6.338479860362e+02 
       2.016347569554e-04       7.957825185833e+02 
       2.538431194322e-04       9.988753984366e+02 
       3.195695536622e-04       1.253388820392e+03 
       4.023142319411e-04       1.571968278642e+03 
       5.064836101171e-04       1.970057902783e+03 
       6.376250874337e-04       2.466296412845e+03 
       8.027224257678e-04       3.082826436368e+03 
       1.010567660416e-03       3.845372395377e+03 
       1.272229308035e-03       4.782782102791e+03 
       1.601641805515e-03       5.925903424332e+03 
       2.016347569554e-03       7.304617862050e+03 
       2.538431194322e-03       8.943956952465e+03 
       3.195695536622e-03       1.085777053041e+04 
       4.023142319411e-03       1.304095636061e+04 
       5.064836101171e-03       1.545898537288e+04 
       6.376250874337e-03       1.803422555326e+04 
       8.027224257678e-03       2.062959027855e+04 
       1.010567660416e-02       2.303270343464e+04 
       1.272229308035e-02       2.494177030690e+04 
       1.601641805514e-02       2.597318255220e+04 
       2.016347562739e-02       2.571623026113e+04 
       2.538424741695e-02       2.390329408200e+04 
       3.194628827247e-02       2.073411007650e+04 
       3.981580577258e-02       1.724631906577e+04 
       4.677599642333e-02       1.506147793231e+04 
       5.177660095752e-02       1.398691698833e+04 
       5.584721633271e-02       1.332229024997e+04 
       5.945691002081e-02       1.282157011747e+04 
       6.281029015701e-02       1.238373698320e+04 
       6.601377331488e-02       1.195838259931e+04 
       6.913037478181e-02       1.151843070639e+04 
       7.220110083783e-02       1.105062104355e+04 
       7.525463792976e-02       1.055120664424e+04 
       7.831225801043e-02       1.002356628457e+04 
       8.139052119068e-02       9.476500014842e+03 
       8.450286640166e-02       8.922597248640e+03 
       8.766059828552e-02       8.376460528643e+03 
       9.087352632860e-02       7.853117827190e+03 
       9.415039365409e-02       7.366198022228e+03 
       9.749917321900e-02       6.926547608137e+03 
       1.009272773962e-01       6.541082246462e+03 
       1.044417091903e-01       6.211944509124e+03 
       1.080491730311e-01       5.936372731040e+03 
       1.117561568873e-01       5.706623451602e+03 
       1.155689936010e-01       5.510615065313e+03 
       1.194939069083e-01       5.333045127625e+03 
       1.235370460282e-01       5.157250650800e+03 
       1.277045116675e-01       4.967793011537e+03 
       1.320023756000e-01       4.753395070323e+03 
       1.364366955195e-01       4.509566880788e+03 
       1.410135265619e-01       4.240011393945e+03 
       1.457389306891e-01       3.956033989339e+03 
       1.506189850002e-01       3.673962777663e+03 
       1.556597899476e-01       3.411147818450e+03 
       1.608674783866e-01       3.181598987632e+03 
       1.662482263543e-01       2.992502918273e+03 
       1.718082664509e-01       2.842338654023e+03 
       1.775539046845e-01       2.721213123186e+03 
       1.834915416318e-01       2.614112966294e+03 
       1.896276987603e-01       2.503701698818e+03 
       1.959690507613e-01       2.376736834630e+03 
       2.025224647541e-01       2.230412983447e+03 
       2.092950472515e-01       2.072873048115e+03 
       2.162941998311e-01       1.918395014053e+03 
       2.235276845488e-01       1.780594682180e+03 
       2.310037002701e-01       1.667243254211e+03 
       2.387309713042e-01       1.577225726764e+03 
       2.467188500118e-01       1.500727958341e+03 
       2.549774354666e-01       1.424726804227e+03 
       2.635177107849e-01       1.340642212729e+03 
       2.723517024664e-01       1.248700563126e+03 
       2.814926660438e-01       1.157250758153e+03 
       2.909553036075e-01       1.076275081221e+03 
       3.007560204461e-01       1.009378528140e+03 
       3.109132302784e-01       9.524137965787e+02 
       3.214477215414e-01       8.975266601277e+02 
       3.323831012581e-01       8.395371247417e+02 
       3.437463385582e-01       7.803031316161e+02 
       3.555684376407e-01       7.252531071050e+02 
       3.678852808264e-01       6.775016280645e+02 
       3.807386978859e-01       6.344743680223e+02 
       3.941778404354e-01       5.921108319083e+02 
       4.082609736903e-01       5.495637360887e+02 
       4.230578485129e-01       5.092937947720e+02 
       4.386528949487e-01       4.727070024272e+02 
       4.551496023343e-01       4.384227620513e+02 
       4.726766524971e-01       4.046560837619e+02 
       4.913967100151e-01       3.722065015191e+02 
       5.115193580385e-01       3.419969456478e+02 
       5.333207196332e-01       3.128420396593e+02 
       5.571742785298e-01       2.845305695207e+02 
       5.836013032536e-01       2.574538340553e+02 
       6.133573800399e-01       2.310016613866e+02 
       6.475895160587e-01       2.051060119252e+02 
       6.881408882246e-01       1.793978936486e+02 
       7.381886073417e-01       1.535208354824e+02 
       8.036874638760e-01       1.269253953050e+02 
       8.967878357531e-01       9.907256049961e+01 
       1.042610079571e+00       7.019062065875e+01 
       1.276826789716e+00       4.383957617093e+01 
       1.603502834263e+00       2.559571782766e+01 
       2.018601495903e+00       1.472952530612e+01 
       2.541268314073e+00       8.407940288992e+00 
       3.199267258501e+00       4.764710095704e+00 
       4.027638850848e+00       2.682292647552e+00 
       5.070496898862e+00       1.500893544038e+00 
       6.383377396401e+00       8.352080104392e-01 
       8.036196017402e+00       4.624195482052e-01 
       1.011697138047e+01       2.548285341671e-01 
       1.273651236126e+01       1.398232614405e-01 
       1.603431906923e+01       7.641159355859e-02 
