# Matter power spectrum P(k) at redshift z=0
# for k=9.1423e-06 to 147.875 h/Mpc,
# number of wavenumbers equal to 1050
#    1:k (h/Mpc)              2:P (Mpc/h)^3        
       9.142301666472e-06       5.447706870531e+01 
       2.042836522964e-05       1.207250542812e+02 
       3.174488627200e-05       1.867502188557e+02 
       4.311522688834e-05       2.528360926899e+02 
       5.456304624503e-05       3.191830140633e+02 
       6.611246267637e-05       3.859646122891e+02 
       7.778821979947e-05       4.533441915026e+02 
       8.961585837474e-05       5.214817444989e+02 
       1.016218956535e-04       5.905378710112e+02 
       1.138340139722e-04       6.606762441534e+02 
       1.262812603695e-04       7.320658431691e+02 
       1.389942590079e-04       8.048824097367e+02 
       1.520054381692e-04       8.793101637119e+02 
       1.653492735403e-04       9.555432952575e+02 
       1.790625494058e-04       1.033787502621e+03 
       1.931846391797e-04       1.114261568819e+03 
       2.077578064151e-04       1.197198977206e+03 
       2.228275269856e-04       1.282849605518e+03 
       2.384428324857e-04       1.371481465491e+03 
       2.546566739757e-04       1.463382510856e+03 
       2.715263039391e-04       1.558862472941e+03 
       2.891136726136e-04       1.658254714150e+03 
       3.074858326140e-04       1.761918040312e+03 
       3.267153428614e-04       1.870238415732e+03 
       3.468806591565e-04       1.983630498868e+03 
       3.680664941965e-04       2.102538901540e+03 
       3.903641243701e-04       2.227438981290e+03 
       4.138716143203e-04       2.358837069834e+03 
       4.386939231933e-04       2.497269839485e+03 
       4.649428490900e-04       2.643302638141e+03 
       4.927367611679e-04       2.797526426629e+03 
       5.222000631630e-04       2.960553079818e+03 
       5.534623293071e-04       3.133008706514e+03 
       5.866570556135e-04       3.315524770565e+03 
       6.219199785383e-04       3.508726589270e+03 
       6.593869313033e-04       3.713219537529e+03 
       6.991912374024e-04       3.929572587930e+03 
       7.414606814090e-04       4.158299924027e+03 
       7.863141474468e-04       4.399840913530e+03 
       8.338580709961e-04       4.654539924408e+03 
       8.841829024428e-04       4.922626607178e+03 
       9.373598209100e-04       5.204198740657e+03 
       9.934379538704e-04       5.499208713899e+03 
       1.052442343416e-03       5.807455342871e+03 
       1.114372850639e-03       6.128581884063e+03 
       1.179204109393e-03       6.462080860595e+03 
       1.246886541097e-03       6.807305362990e+03 
       1.317348339777e-03       7.163485915560e+03 
       1.390498248551e-03       7.529751813443e+03 
       1.466228889144e-03       7.905154222199e+03 
       1.544420381770e-03       8.288692520836e+03 
       1.624944002913e-03       8.679336617772e+03 
       1.707665665943e-03       9.076050104284e+03 
       1.792449063302e-03       9.477810273825e+03 
       1.879158367967e-03       9.883622953292e+03 
       1.967660447027e-03       1.029253742503e+04 
       2.057826585552e-03       1.070365700465e+04 
       2.149533751954e-03       1.111615767404e+04 
       2.242665456852e-03       1.152923948507e+04 
       2.337112267704e-03       1.194218591573e+04 
       2.432772043708e-03       1.235434313211e+04 
       2.529549952208e-03       1.276511837888e+04 
       2.627358321337e-03       1.317397600003e+04 
       2.726116375589e-03       1.358043602023e+04 
       2.825749892675e-03       1.398406773327e+04 
       2.926190812134e-03       1.438448981444e+04 
       3.027376819179e-03       1.478136377473e+04 
       3.129250921308e-03       1.517439051548e+04 
       3.231761030324e-03       1.556330735345e+04 
       3.334859558548e-03       1.594788476038e+04 
       3.438503034957e-03       1.632792320710e+04 
       3.542651744717e-03       1.670325019437e+04 
       3.647269393861e-03       1.707371676763e+04 
       3.752322799653e-03       1.743919607065e+04 
       3.857781606312e-03       1.779958338108e+04 
       3.963618025201e-03       1.815478554425e+04 
       4.069806598198e-03       1.850472908280e+04 
       4.176323982780e-03       1.884935686950e+04 
       4.283148757222e-03       1.918861627621e+04 
       4.390261244310e-03       1.952247580516e+04 
       4.497643351974e-03       1.985090571636e+04 
       4.605278429334e-03       2.017389080672e+04 
       4.713151136718e-03       2.049141584707e+04 
       4.821247328329e-03       2.080348561808e+04 
       4.929553946317e-03       2.111009771003e+04 
       5.038058925136e-03       2.141126618660e+04 
       5.146751105159e-03       2.170700540784e+04 
       5.255620154617e-03       2.199733468985e+04 
       5.364656499021e-03       2.228228110379e+04 
       5.473851257308e-03       2.256186525844e+04 
       5.583196184035e-03       2.283612090575e+04 
       5.692683616999e-03       2.310508384911e+04 
       5.802306429742e-03       2.336878873874e+04 
       5.912057988447e-03       2.362725906832e+04 
       6.021932112788e-03       2.388056625061e+04 
       6.131923040328e-03       2.412872607010e+04 
       6.242025394130e-03       2.437178303157e+04 
       6.352234153252e-03       2.460979321112e+04 
       6.462544625846e-03       2.484278036920e+04 
       6.572952424615e-03       2.507082026915e+04 
       6.683453444393e-03       2.529394512502e+04 
       6.794043841641e-03       2.551219432942e+04 
       6.904720015699e-03       2.572561710052e+04 
       7.015478591597e-03       2.593428356073e+04 
       7.126316404309e-03       2.613821089325e+04 
       7.237230484298e-03       2.633745296870e+04 
       7.348218044243e-03       2.653209869485e+04 
       7.459276466838e-03       2.672214771446e+04 
       7.570403293563e-03       2.690769263814e+04 
       7.681596214352e-03       2.708875677151e+04 
       7.792853058065e-03       2.726537618053e+04 
       7.904171783704e-03       2.743761174109e+04 
       8.015550472300e-03       2.760553901263e+04 
       8.126987319430e-03       2.776916803487e+04 
       8.238480628285e-03       2.792857660465e+04 
       8.350028803267e-03       2.808380834266e+04 
       8.461630344060e-03       2.823491161941e+04 
       8.573283840135e-03       2.838191240062e+04 
       8.684987965658e-03       2.852486526642e+04 
       8.796741474765e-03       2.866385721091e+04 
       8.908543197178e-03       2.879888804169e+04 
       9.020392034133e-03       2.893002145267e+04 
       9.132286954600e-03       2.905731766326e+04 
       9.244226991758e-03       2.918079865959e+04 
       9.356211239732e-03       2.930052963137e+04 
       9.468238850540e-03       2.941654954283e+04 
       9.580309031264e-03       2.952889653567e+04 
       9.692421041410e-03       2.963764029822e+04 
       9.804574190444e-03       2.974278273786e+04 
       9.916767835502e-03       2.984442048705e+04 
       1.002900137926e-02       2.994254237812e+04 
       1.014127426791e-02       3.003723645671e+04 
       1.025358598937e-02       3.012852242451e+04 
       1.036593607146e-02       3.021648434957e+04 
       1.047832408037e-02       3.030109300525e+04 
       1.059074961907e-02       3.038243083754e+04 
       1.070321232599e-02       3.046055846911e+04 
       1.081571187362e-02       3.053549881167e+04 
       1.092824796737e-02       3.060728269675e+04 
       1.104082034434e-02       3.067595754207e+04 
       1.115342877234e-02       3.074156144522e+04 
       1.126607304884e-02       3.080412839452e+04 
       1.137875300008e-02       3.086375940421e+04 
       1.149146848018e-02       3.092042195184e+04 
       1.160421937038e-02       3.097414155866e+04 
       1.171700557827e-02       3.102501583992e+04 
       1.182982703710e-02       3.107306774882e+04 
       1.194268370516e-02       3.111832086161e+04 
       1.205557556519e-02       3.116081796453e+04 
       1.216850262379e-02       3.120060904395e+04 
       1.228146491100e-02       3.123771098153e+04 
       1.239446247974e-02       3.127216766099e+04 
       1.250749540546e-02       3.130402064156e+04 
       1.262056378572e-02       3.133329224854e+04 
       1.273366773984e-02       3.136003492177e+04 
       1.284680740859e-02       3.138427736041e+04 
       1.295998295388e-02       3.140604992940e+04 
       1.307319455850e-02       3.142540881735e+04 
       1.318644242593e-02       3.144235394216e+04 
       1.329972678009e-02       3.145690967081e+04 
       1.341304786517e-02       3.146917540024e+04 
       1.352640594550e-02       3.147913551177e+04 
       1.363980130541e-02       3.148680435747e+04 
       1.375323424911e-02       3.149227502666e+04 
       1.386670510064e-02       3.149550506834e+04 
       1.398021420377e-02       3.149660584266e+04 
       1.409376192201e-02       3.149553571407e+04 
       1.420734863853e-02       3.149236142920e+04 
       1.432097475623e-02       3.148713370492e+04 
       1.443464069769e-02       3.147983783049e+04 
       1.454834690528e-02       3.147057288744e+04 
       1.466209384113e-02       3.145927842596e+04 
       1.477588198731e-02       3.144603152058e+04 
       1.488971184584e-02       3.143087513528e+04 
       1.500358393883e-02       3.141379325015e+04 
       1.511749880861e-02       3.139490390133e+04 
       1.523145701788e-02       3.137408402328e+04 
       1.534545914984e-02       3.135149747145e+04 
       1.545950580842e-02       3.132716319382e+04 
       1.557359761840e-02       3.130101701065e+04 
       1.568773522569e-02       3.127317403771e+04 
       1.580191929752e-02       3.124362700780e+04 
       1.591615052269e-02       3.121239508317e+04 
       1.603042961181e-02       3.117954776891e+04 
       1.614475729759e-02       3.114506301488e+04 
       1.625913433514e-02       3.110890161983e+04 
       1.637356150225e-02       3.107129664869e+04 
       1.648803959971e-02       3.103209899369e+04 
       1.660256945168e-02       3.099138200040e+04 
       1.671715190600e-02       3.094925258768e+04 
       1.683178783459e-02       3.090559298450e+04 
       1.694647813382e-02       3.086051146819e+04 
       1.706122372493e-02       3.081399782581e+04 
       1.717602555441e-02       3.076607094948e+04 
       1.729088459449e-02       3.071684846623e+04 
       1.740580184355e-02       3.066625580202e+04 
       1.752077832661e-02       3.061434643399e+04 
       1.763581509582e-02       3.056111312720e+04 
       1.775091323097e-02       3.050669304851e+04 
       1.786607383998e-02       3.045100085867e+04 
       1.798129805951e-02       3.039406862381e+04 
       1.809658705545e-02       3.033594014969e+04 
       1.821194202358e-02       3.027664394241e+04 
       1.832736419010e-02       3.021621554493e+04 
       1.844285481230e-02       3.015467924978e+04 
       1.855841517919e-02       3.009202227065e+04 
       1.867404661218e-02       3.002824733382e+04 
       1.878975046575e-02       2.996347603997e+04 
       1.890552812816e-02       2.989764477870e+04 
       1.902138102221e-02       2.983074878555e+04 
       1.913731060597e-02       2.976289453514e+04 
       1.925331837360e-02       2.969411772200e+04 
       1.936940585609e-02       2.962428768285e+04 
       1.948557462219e-02       2.955357456196e+04 
       1.960182627919e-02       2.948195506992e+04 
       1.971816247384e-02       2.940946283949e+04 
       1.983458489328e-02       2.933611964179e+04 
       1.995109526596e-02       2.926186623900e+04 
       2.006769536263e-02       2.918677764132e+04 
       2.018438699735e-02       2.911093395879e+04 
       2.030117202854e-02       2.903425844084e+04 
       2.041805236001e-02       2.895684248555e+04 
       2.053502994213e-02       2.887865233723e+04 
       2.065210677291e-02       2.879970928550e+04 
       2.076928489924e-02       2.872007864621e+04 
       2.088656641804e-02       2.863969224276e+04 
       2.100395347759e-02       2.855867300112e+04 
       2.112144827877e-02       2.847704512397e+04 
       2.123905307642e-02       2.839463693625e+04 
       2.135677018072e-02       2.831164092013e+04 
       2.147460195863e-02       2.822808025375e+04 
       2.159255083534e-02       2.814397607151e+04 
       2.171061929582e-02       2.805918657861e+04 
       2.182880988636e-02       2.797387957436e+04 
       2.194712521623e-02       2.788803807979e+04 
       2.206556795934e-02       2.780166767469e+04 
       2.218414085597e-02       2.771471894666e+04 
       2.230284671457e-02       2.762735065866e+04 
       2.242168841363e-02       2.753945575416e+04 
       2.254066890356e-02       2.745111669386e+04 
       2.265979120871e-02       2.736229708702e+04 
       2.277905842939e-02       2.727306497616e+04 
       2.289847374401e-02       2.718339035605e+04 
       2.301804041127e-02       2.709332130863e+04 
       2.313776177243e-02       2.700282527906e+04 
       2.325764125365e-02       2.691197021288e+04 
       2.337768236845e-02       2.682077880733e+04 
       2.349788872018e-02       2.672918353955e+04 
       2.361826400471e-02       2.663730850685e+04 
       2.373881201303e-02       2.654499374958e+04 
       2.385953663416e-02       2.645257399308e+04 
       2.398044185797e-02       2.635976232179e+04 
       2.410153177824e-02       2.626661833977e+04 
       2.422281059574e-02       2.617318255462e+04 
       2.434428262152e-02       2.607953847971e+04 
       2.446595228023e-02       2.598563151560e+04 
       2.458782411362e-02       2.589151475733e+04 
       2.470990278414e-02       2.579715507125e+04 
       2.483219307875e-02       2.570254423413e+04 
       2.495469991276e-02       2.560778500592e+04 
       2.507742833391e-02       2.551281624189e+04 
       2.520038352660e-02       2.541767082101e+04 
       2.532357081624e-02       2.532229855834e+04 
       2.544699567383e-02       2.522680934098e+04 
       2.557066372066e-02       2.513120064113e+04 
       2.569458073328e-02       2.503549800936e+04 
       2.581875264861e-02       2.493958090325e+04 
       2.594318556927e-02       2.484355204524e+04 
       2.606788576915e-02       2.474739792048e+04 
       2.619285969920e-02       2.465126719989e+04 
       2.631811399346e-02       2.455490097862e+04 
       2.644365547537e-02       2.445851317659e+04 
       2.656949116431e-02       2.436203801729e+04 
       2.669562828247e-02       2.426555244257e+04 
       2.682207426196e-02       2.416897709006e+04 
       2.694883675230e-02       2.407228763280e+04 
       2.707592362817e-02       2.397565537487e+04 
       2.720334299761e-02       2.387900722300e+04 
       2.733110321043e-02       2.378231408236e+04 
       2.745921286719e-02       2.368556417889e+04 
       2.758768082845e-02       2.358888451109e+04 
       2.771651622449e-02       2.349208856017e+04 
       2.784572846555e-02       2.339537332194e+04 
       2.797532725242e-02       2.329864340977e+04 
       2.810532258770e-02       2.320198051422e+04 
       2.823572478743e-02       2.310532406159e+04 
       2.836654449342e-02       2.300866616896e+04 
       2.849779268614e-02       2.291209575982e+04 
       2.862948069822e-02       2.281556019668e+04 
       2.876162022866e-02       2.271906977142e+04 
       2.889422335775e-02       2.262254639318e+04 
       2.902730256276e-02       2.252626443045e+04 
       2.916087073439e-02       2.242988350891e+04 
       2.929494119420e-02       2.233368776259e+04 
       2.942952771278e-02       2.223749629703e+04 
       2.956464452906e-02       2.214139013906e+04 
       2.970030637053e-02       2.204539533896e+04 
       2.983652847464e-02       2.194947239072e+04 
       2.997332661135e-02       2.185364904826e+04 
       3.011071710690e-02       2.175793144630e+04 
       3.024871686898e-02       2.166230298125e+04 
       3.038734341329e-02       2.156674467238e+04 
       3.052661489158e-02       2.147133759049e+04 
       3.066655012146e-02       2.137603893208e+04 
       3.080716861779e-02       2.128084536177e+04 
       3.094849062605e-02       2.118579940606e+04 
       3.109053715768e-02       2.109080792922e+04 
       3.123333002758e-02       2.099594338879e+04 
       3.137689189390e-02       2.090116391757e+04 
       3.152124630033e-02       2.080654307100e+04 
       3.166641772104e-02       2.071213926729e+04 
       3.181243160854e-02       2.061775842309e+04 
       3.195931444452e-02       2.052349612032e+04 
       3.210709379420e-02       2.042941536804e+04 
       3.225579836409e-02       2.033528557568e+04 
       3.240545806377e-02       2.024147859090e+04 
       3.255610407182e-02       2.014775826579e+04 
       3.270776890632e-02       2.005413216751e+04 
       3.286048650023e-02       1.996065807320e+04 
       3.301429228221e-02       1.986729587892e+04 
       3.316922326313e-02       1.977410131740e+04 
       3.332531812897e-02       1.968092858520e+04 
       3.348261734056e-02       1.958799528691e+04 
       3.364116324075e-02       1.949504679091e+04 
       3.380100016982e-02       1.940231813323e+04 
       3.396217458972e-02       1.930972556491e+04 
       3.412473521804e-02       1.921713758674e+04 
       3.428873317270e-02       1.912476527998e+04 
       3.445422212824e-02       1.903243005429e+04 
       3.462125848496e-02       1.894026515152e+04 
       3.478990155217e-02       1.884805659585e+04 
       3.496021374685e-02       1.875615109073e+04 
       3.513226080954e-02       1.866421966422e+04 
       3.530611203895e-02       1.857237791919e+04 
       3.548184054749e-02       1.848062711989e+04 
       3.565952353995e-02       1.838887294221e+04 
       3.583924261768e-02       1.829732528997e+04 
       3.602108411130e-02       1.820574199871e+04 
       3.620513944511e-02       1.811420673346e+04 
       3.639150553679e-02       1.802278567046e+04 
       3.658028523656e-02       1.793131140001e+04 
       3.677158781057e-02       1.783992701999e+04 
       3.696552947376e-02       1.774851065020e+04 
       3.716223397844e-02       1.765716827538e+04 
       3.736183326559e-02       1.756581418737e+04 
       3.756446818692e-02       1.747445981749e+04 
       3.777028930699e-02       1.738300175462e+04 
       3.797945779616e-02       1.729153394373e+04 
       3.819214642670e-02       1.720004780269e+04 
       3.840854068659e-02       1.710846349162e+04 
       3.862884002763e-02       1.701678183410e+04 
       3.885325926754e-02       1.692504857945e+04 
       3.908203016896e-02       1.683317711114e+04 
       3.931540322221e-02       1.674113591827e+04 
       3.955364966358e-02       1.664895582832e+04 
       3.979706376676e-02       1.655656907958e+04 
       4.004596545175e-02       1.646397080381e+04 
       4.030070326442e-02       1.637112599025e+04 
       4.056165779015e-02       1.627802736555e+04 
       4.082924557749e-02       1.618469549857e+04 
       4.110392366361e-02       1.609094603123e+04 
       4.138619481235e-02       1.599687654015e+04 
       4.167661359962e-02       1.590241008384e+04 
       4.197579351036e-02       1.580745363580e+04 
       4.228441524840e-02       1.571200067872e+04 
       4.260323650682e-02       1.561601757103e+04 
       4.293310350488e-02       1.551935802783e+04 
       4.327496467147e-02       1.542208461972e+04 
       4.362988694836e-02       1.532394897808e+04 
       4.399907530586e-02       1.522497033185e+04 
       4.438389621477e-02       1.512505648329e+04 
       4.478590601202e-02       1.502403337506e+04 
       4.520688534327e-02       1.492182187799e+04 
       4.564888117823e-02       1.481821078375e+04 
       4.611425828685e-02       1.471300047793e+04 
       4.660576255235e-02       1.460599619512e+04 
       4.712659908478e-02       1.449689829758e+04 
       4.768052877689e-02       1.438536615285e+04 
       4.827198765321e-02       1.427092786860e+04 
       4.890623395057e-02       1.415309970291e+04 
       4.958952797860e-02       1.403108214161e+04 
       5.032934869723e-02       1.390398796839e+04 
       5.113464712676e-02       1.377061117490e+04 
       5.201612736626e-02       1.362926507455e+04 
       5.298652616637e-02       1.347775492732e+04 
       5.406082378606e-02       1.331298456840e+04 
       5.525625220927e-02       1.313085781754e+04 
       5.659186621761e-02       1.292584085755e+04 
       5.808732924253e-02       1.269072491069e+04 
       5.976053272399e-02       1.241669286820e+04 
       6.162392566457e-02       1.209409524489e+04 
       6.368021762765e-02       1.171424400421e+04 
       6.591926356351e-02       1.127248007841e+04 
       6.831836382711e-02       1.077123650265e+04 
       7.084667288960e-02       1.022174818429e+04 
       7.347168638513e-02       9.642989754811e+03 
       7.616463088753e-02       9.058144480501e+03 
       7.890303552584e-02       8.490822564446e+03 
       8.167083210407e-02       7.961139929789e+03 
       8.445719702925e-02       7.484033271345e+03 
       8.725511913668e-02       7.068014484901e+03 
       9.006016864215e-02       6.715700080243e+03 
       9.286958998144e-02       6.424379591842e+03 
       9.568168538176e-02       6.187191328162e+03 
       9.849541483496e-02       5.994378363790e+03 
       1.013101434158e-01       5.834275709922e+03 
       1.041254842160e-01       5.694694939884e+03 
       1.069412016492e-01       5.563899274787e+03 
       1.097571522660e-01       5.431684732365e+03 
       1.125732486540e-01       5.290191163804e+03 
       1.153894374648e-01       5.134445434734e+03 
       1.182056860551e-01       4.962577537391e+03 
       1.210219743709e-01       4.775727071111e+03 
       1.238382900188e-01       4.577410790830e+03 
       1.266546252720e-01       4.372892146187e+03 
       1.294709752525e-01       4.168242271858e+03 
       1.322873368257e-01       3.969566866124e+03 
       1.351037079291e-01       3.782266429942e+03 
       1.379200871629e-01       3.610530215095e+03 
       1.407364735411e-01       3.457081571971e+03 
       1.435528663387e-01       3.323065678725e+03 
       1.463692649990e-01       3.208165849276e+03 
       1.491856690758e-01       3.110772407777e+03 
       1.520020781974e-01       3.028278128675e+03 
       1.548184920450e-01       2.957409509553e+03 
       1.576349103380e-01       2.894534891515e+03 
       1.604513328249e-01       2.836025068405e+03 
       1.632677592777e-01       2.778555825549e+03 
       1.660841894872e-01       2.719383928912e+03 
       1.689006232607e-01       2.656543818236e+03 
       1.717170604191e-01       2.588957727316e+03 
       1.745335007961e-01       2.516442477141e+03 
       1.773499442364e-01       2.439625985780e+03 
       1.801663905946e-01       2.359780507552e+03 
       1.829828397348e-01       2.278602329981e+03 
       1.857992915294e-01       2.197976578421e+03 
       1.886157458584e-01       2.119748981807e+03 
       1.914322026091e-01       2.045540558944e+03 
       1.942486616754e-01       1.976607683506e+03 
       1.970651229572e-01       1.913763240063e+03 
       1.998815863603e-01       1.857334960063e+03 
       2.026980517955e-01       1.807216548741e+03 
       2.055145191789e-01       1.762922444171e+03 
       2.083309884308e-01       1.723607978947e+03 
       2.111474594759e-01       1.688249374596e+03 
       2.139639322431e-01       1.655726269083e+03 
       2.167804066646e-01       1.624891570575e+03 
       2.195968826766e-01       1.594700586384e+03 
       2.224133602181e-01       1.564293730587e+03 
       2.252298392315e-01       1.533039520332e+03 
       2.280463196619e-01       1.500569376610e+03 
       2.308628014570e-01       1.466785685688e+03 
       2.336792845673e-01       1.431833957910e+03 
       2.364957689455e-01       1.396059945562e+03 
       2.393122545466e-01       1.359948429176e+03 
       2.421287413276e-01       1.324056128063e+03 
       2.449452292476e-01       1.288947326699e+03 
       2.477617182676e-01       1.255134467757e+03 
       2.505782083502e-01       1.223035717937e+03 
       2.533946994599e-01       1.192940646457e+03 
       2.562111915625e-01       1.165004125749e+03 
       2.590276846255e-01       1.139235799281e+03 
       2.618441786178e-01       1.115519049139e+03 
       2.646606735095e-01       1.093639058460e+03 
       2.674771692720e-01       1.073284348918e+03 
       2.702936658781e-01       1.054131683529e+03 
       2.731101633014e-01       1.035812661503e+03 
       2.759266615168e-01       1.018002549145e+03 
       2.787431605002e-01       1.000412860391e+03 
       2.815596602284e-01       9.828164210433e+02 
       2.843761606792e-01       9.650653213033e+02 
       2.871926618313e-01       9.470910010240e+02 
       2.900091636640e-01       9.289005194261e+02 
       2.928256661577e-01       9.105644789134e+02 
       2.956421692933e-01       8.922041613158e+02 
       2.984586730527e-01       8.739720272605e+02 
       3.012751774182e-01       8.560297568405e+02 
       3.040916823730e-01       8.385373335307e+02 
       3.069081879006e-01       8.216293461210e+02 
       3.097246939855e-01       8.054123256680e+02 
       3.125412006125e-01       7.899498205107e+02 
       3.153577077670e-01       7.752674451394e+02 
       3.181742154349e-01       7.613471026928e+02 
       3.209907236027e-01       7.481391314655e+02 
       3.238072322573e-01       7.355641182085e+02 
       3.266237413859e-01       7.235269786557e+02 
       3.294402509765e-01       7.119186610021e+02 
       3.322567610172e-01       7.006369647913e+02 
       3.350732714965e-01       6.895837540327e+02 
       3.378897824036e-01       6.786782013541e+02 
       3.407062937277e-01       6.678626018925e+02 
       3.435228054586e-01       6.571016523948e+02 
       3.463393175862e-01       6.463741626371e+02 
       3.491558301010e-01       6.356940273130e+02 
       3.519723429936e-01       6.250832482392e+02 
       3.547888562550e-01       6.145770737292e+02 
       3.576053698764e-01       6.042204850817e+02 
       3.604218838493e-01       5.940579123460e+02 
       3.632383981656e-01       5.841311526111e+02 
       3.660549128173e-01       5.744755788736e+02 
       3.688714277967e-01       5.651158672270e+02 
       3.716879430962e-01       5.560661039791e+02 
       3.745044587088e-01       5.473275931976e+02 
       3.773209746272e-01       5.388901969800e+02 
       3.801374908447e-01       5.307364400638e+02 
       3.829540073547e-01       5.228386715456e+02 
       3.857705241507e-01       5.151666892597e+02 
       3.885870412265e-01       5.076875945287e+02 
       3.914035585761e-01       5.003708529384e+02 
       3.942200761935e-01       4.931873671605e+02 
       3.970365940730e-01       4.861145178519e+02 
       3.998531122091e-01       4.791347382952e+02 
       4.026696305964e-01       4.722366948655e+02 
       4.054861492296e-01       4.654202617594e+02 
       4.083026681035e-01       4.586823380195e+02 
       4.111191872134e-01       4.520315865257e+02 
       4.139357065542e-01       4.454767749327e+02 
       4.167522261213e-01       4.390299932836e+02 
       4.195687459102e-01       4.327018864755e+02 
       4.223852659164e-01       4.265029110371e+02 
       4.252017861355e-01       4.204416427270e+02 
       4.280183065634e-01       4.145234322774e+02 
       4.308348271959e-01       4.087498989856e+02 
       4.336513480290e-01       4.031202186510e+02 
       4.364678690588e-01       3.976299505790e+02 
       4.392843902816e-01       3.922720755072e+02 
       4.421009116937e-01       3.870379893825e+02 
       4.449174332913e-01       3.819176433471e+02 
       4.477339550711e-01       3.769012118398e+02 
       4.505504770296e-01       3.719780906257e+02 
       4.533669991634e-01       3.671407644837e+02 
       4.561835214693e-01       3.623803053116e+02 
       4.590000439442e-01       3.576922819338e+02 
       4.618165665848e-01       3.530727388450e+02 
       4.646330893883e-01       3.485197016202e+02 
       4.674496123516e-01       3.440326507769e+02 
       4.702661354718e-01       3.396127288710e+02 
       4.730826587462e-01       3.352622694472e+02 
       4.758991821720e-01       3.309828001278e+02 
       4.787157057465e-01       3.267769797157e+02 
       4.815322294672e-01       3.226467598683e+02 
       4.843487533314e-01       3.185937148920e+02 
       4.871652773366e-01       3.146185863149e+02 
       4.899818014804e-01       3.107209033723e+02 
       4.927983257605e-01       3.068995523847e+02 
       4.956148501745e-01       3.031525921176e+02 
       4.984313747201e-01       2.994776266911e+02 
       5.012478993951e-01       2.958712664705e+02 
       5.040644241973e-01       2.923302727949e+02 
       5.068809491247e-01       2.888510258074e+02 
       5.096974741750e-01       2.854301936755e+02 
       5.125139993463e-01       2.820647646346e+02 
       5.153305246367e-01       2.787520638002e+02 
       5.181470500440e-01       2.754899329773e+02 
       5.209635755666e-01       2.722768090322e+02 
       5.237801012024e-01       2.691114977594e+02 
       5.265966269496e-01       2.659933219737e+02 
       5.294131528066e-01       2.629220218119e+02 
       5.322296787715e-01       2.598975883556e+02 
       5.350462048426e-01       2.569199626280e+02 
       5.378627310182e-01       2.539893251990e+02 
       5.406792572968e-01       2.511058196364e+02 
       5.434957836766e-01       2.482691507859e+02 
       5.463123101562e-01       2.454792346690e+02 
       5.491288367340e-01       2.427354155030e+02 
       5.519453634085e-01       2.400369988119e+02 
       5.547618901782e-01       2.373830198497e+02 
       5.575784170417e-01       2.347722005864e+02 
       5.603949439975e-01       2.322034069168e+02 
       5.632114710443e-01       2.296752004895e+02 
       5.660279981807e-01       2.271862875263e+02 
       5.688445254054e-01       2.247352969229e+02 
       5.716610527170e-01       2.223210749352e+02 
       5.744775801143e-01       2.199424244027e+02 
       5.772941075960e-01       2.175983313620e+02 
       5.801106351609e-01       2.152880560996e+02 
       5.829271628077e-01       2.130108422099e+02 
       5.857436905354e-01       2.107661969720e+02 
       5.885602183427e-01       2.085536339881e+02 
       5.913767462285e-01       2.063727656486e+02 
       5.941932741916e-01       2.042232758174e+02 
       5.970098022311e-01       2.021048855023e+02 
       5.998263303457e-01       2.000171710487e+02 
       6.026428585345e-01       1.979600112211e+02 
       6.054593867963e-01       1.959329146153e+02 
       6.082759151303e-01       1.939352807808e+02 
       6.110924435353e-01       1.919668490170e+02 
       6.139089720104e-01       1.900269823023e+02 
       6.167255005547e-01       1.881150436635e+02 
       6.195420291672e-01       1.862306203491e+02 
       6.223585578470e-01       1.843727670379e+02 
       6.251750865931e-01       1.825411176111e+02 
       6.279916154046e-01       1.807349130284e+02 
       6.308081442808e-01       1.789536507862e+02 
       6.336246732207e-01       1.771967629850e+02 
       6.364412022234e-01       1.754637267712e+02 
       6.392577312882e-01       1.737540510431e+02 
       6.420742604142e-01       1.720672280339e+02 
       6.448907896006e-01       1.704030104585e+02 
       6.477073188467e-01       1.687610414033e+02 
       6.505238481516e-01       1.671408754893e+02 
       6.533403775146e-01       1.655423128933e+02 
       6.561569069349e-01       1.639649347423e+02 
       6.589734364119e-01       1.624085659573e+02 
       6.617899659447e-01       1.608728782277e+02 
       6.646064955327e-01       1.593575056905e+02 
       6.674230251751e-01       1.578622294911e+02 
       6.702395548714e-01       1.563867033867e+02 
       6.730560846207e-01       1.549304194975e+02 
       6.758726144225e-01       1.534933816739e+02 
       6.786891442760e-01       1.520749129244e+02 
       6.815056741807e-01       1.506749188841e+02 
       6.843222041359e-01       1.492928939187e+02 
       6.871387341410e-01       1.479285095716e+02 
       6.899552641953e-01       1.465815755640e+02 
       6.927717942984e-01       1.452516338286e+02 
       6.955883244495e-01       1.439384554671e+02 
       6.984048546481e-01       1.426417679823e+02 
       7.012213848936e-01       1.413612385433e+02 
       7.040379151855e-01       1.400966262001e+02 
       7.068544455231e-01       1.388478432280e+02 
       7.096709759061e-01       1.376143260966e+02 
       7.124875063337e-01       1.363961261974e+02 
       7.153040368056e-01       1.351929814751e+02 
       7.181205673211e-01       1.340045259336e+02 
       7.209370978797e-01       1.328307700765e+02 
       7.237536284810e-01       1.316712464075e+02 
       7.265701591245e-01       1.305258946928e+02 
       7.293866898096e-01       1.293945805801e+02 
       7.322032205360e-01       1.282767888110e+02 
       7.350197513030e-01       1.271725979452e+02 
       7.378362821102e-01       1.260817048956e+02 
       7.406528129573e-01       1.250038787332e+02 
       7.434693438436e-01       1.239389521610e+02 
       7.462858747689e-01       1.228866312111e+02 
       7.491024057326e-01       1.218467852796e+02 
       7.519189367343e-01       1.208192116782e+02 
       7.547354677736e-01       1.198037071536e+02 
       7.575519988500e-01       1.188000468047e+02 
       7.603685299632e-01       1.178081381990e+02 
       7.631850611127e-01       1.168277255934e+02 
       7.660015922982e-01       1.158587070771e+02 
       7.688181235192e-01       1.149008997254e+02 
       7.716346547754e-01       1.139540504918e+02 
       7.744511860664e-01       1.130181070531e+02 
       7.772677173917e-01       1.120928460935e+02 
       7.800842487511e-01       1.111782393555e+02 
       7.829007801441e-01       1.102740120314e+02 
       7.857173115704e-01       1.093800396609e+02 
       7.885338430296e-01       1.084962161486e+02 
       7.913503745214e-01       1.076223720324e+02 
       7.941669060454e-01       1.067583257135e+02 
       7.969834376013e-01       1.059040015809e+02 
       7.997999691888e-01       1.050592194457e+02 
       8.026165008075e-01       1.042238456717e+02 
       8.054330324571e-01       1.033977490614e+02 
       8.082495641372e-01       1.025808123718e+02 
       8.110660958476e-01       1.017728607252e+02 
       8.138826275880e-01       1.009737690243e+02 
       8.166991593579e-01       1.001834910557e+02 
       8.195156911572e-01       9.940178496495e+01 
       8.223322229855e-01       9.862856248085e+01 
       8.251487548425e-01       9.786374985387e+01 
       8.279652867279e-01       9.710722654032e+01 
       8.307818186415e-01       9.635884389641e+01 
       8.335983505829e-01       9.561847703681e+01 
       8.364148825519e-01       9.488608021980e+01 
       8.392314145482e-01       9.416143809536e+01 
       8.420479465715e-01       9.344460829617e+01 
       8.448644786215e-01       9.273530713038e+01 
       8.476810106980e-01       9.203356672109e+01 
       8.504975428007e-01       9.133909268476e+01 
       8.533140749294e-01       9.065236672833e+01 
       8.561306070838e-01       8.997299363638e+01 
       8.589471392636e-01       8.930065447204e+01 
       8.617636714686e-01       8.863497329169e+01 
       8.645802036986e-01       8.797582072985e+01 
       8.673967359532e-01       8.732337974992e+01 
       8.702132682324e-01       8.667775326045e+01 
       8.730298005357e-01       8.603911545845e+01 
       8.758463328631e-01       8.540738798647e+01 
       8.786628652142e-01       8.478219190435e+01 
       8.814793975888e-01       8.416330919571e+01 
       8.842959299868e-01       8.355033798347e+01 
       8.871124624078e-01       8.294335647001e+01 
       8.899289948517e-01       8.234229254138e+01 
       8.927455273182e-01       8.174746202793e+01 
       8.955620598072e-01       8.115896264085e+01 
       8.983785923184e-01       8.057658593344e+01 
       9.011951248517e-01       8.000013072677e+01 
       9.040116574067e-01       7.942934803414e+01 
       9.068281899834e-01       7.886382640412e+01 
       9.096447225814e-01       7.830367921782e+01 
       9.124612552007e-01       7.774899147576e+01 
       9.152777878409e-01       7.719991176901e+01 
       9.180943205020e-01       7.665655761494e+01 
       9.209108531837e-01       7.611874120906e+01 
       9.237273858858e-01       7.558626608487e+01 
       9.265439186082e-01       7.505882157950e+01 
       9.293604513507e-01       7.453614272009e+01 
       9.321769841130e-01       7.401837832079e+01 
       9.349935168951e-01       7.350555128612e+01 
       9.378100496966e-01       7.299779916668e+01 
       9.406265825176e-01       7.249518407327e+01 
       9.434431153577e-01       7.199761741060e+01 
       9.462596482168e-01       7.150491576955e+01 
       9.490761810947e-01       7.101663757369e+01 
       9.518927139913e-01       7.053284578721e+01 
       9.547092469064e-01       7.005335469024e+01 
       9.575257798398e-01       6.957842724453e+01 
       9.603423127915e-01       6.910815811999e+01 
       9.631588457611e-01       6.864249876297e+01 
       9.659753787486e-01       6.818141961124e+01 
       9.687919117538e-01       6.772463709421e+01 
       9.716084447766e-01       6.727204950611e+01 
       9.744249778167e-01       6.682334368376e+01 
       9.772415108741e-01       6.637868023387e+01 
       9.800580439486e-01       6.593808733238e+01 
       9.828745770400e-01       6.550179751832e+01 
       9.856911101483e-01       6.506970086811e+01 
       9.885076432732e-01       6.464178325434e+01 
       9.913241764146e-01       6.421775571650e+01 
       9.941407095724e-01       6.379742902730e+01 
       9.969572427465e-01       6.338070129830e+01 
       9.997737759366e-01       6.296761542696e+01 
       1.002590309143e+00       6.255829253424e+01 
       1.005406842365e+00       6.215288895320e+01 
       1.008223375602e+00       6.175132525502e+01 
       1.011039908856e+00       6.135353073027e+01 
       1.013856442124e+00       6.095924819483e+01 
       1.016672975408e+00       6.056833040404e+01 
       1.019489508707e+00       6.018072030393e+01 
       1.022306042021e+00       5.979643023760e+01 
       1.025122575351e+00       5.941560871952e+01 
       1.027939108695e+00       5.903829884762e+01 
       1.030755642053e+00       5.866456095848e+01 
       1.033572175426e+00       5.829419794598e+01 
       1.036388708814e+00       5.792706227859e+01 
       1.039205242216e+00       5.756294041623e+01 
       1.042021775632e+00       5.720176892644e+01 
       1.044838309062e+00       5.684380244113e+01 
       1.047654842507e+00       5.648893534820e+01 
       1.050471375965e+00       5.613732613145e+01 
       1.053287909437e+00       5.578891978876e+01 
       1.056104442922e+00       5.544361181955e+01 
       1.058920976421e+00       5.510120017253e+01 
       1.061737509934e+00       5.476158482364e+01 
       1.064554043460e+00       5.442471073343e+01 
       1.067370576999e+00       5.409066232479e+01 
       1.070187110551e+00       5.375949815862e+01 
       1.073003644116e+00       5.343135374697e+01 
       1.075820177694e+00       5.310612402196e+01 
       1.078636711285e+00       5.278372113915e+01 
       1.081453244889e+00       5.246395187060e+01 
       1.084269778505e+00       5.214673128978e+01 
       1.087086312134e+00       5.183203184845e+01 
       1.089902845775e+00       5.151988036165e+01 
       1.092719379429e+00       5.121046691665e+01 
       1.095535913094e+00       5.090377646844e+01 
       1.098352446772e+00       5.059979156050e+01 
       1.101168980462e+00       5.029835617145e+01 
       1.103985514164e+00       4.999930549936e+01 
       1.106802047878e+00       4.970256729357e+01 
       1.109618581603e+00       4.940821095565e+01 
       1.112435115340e+00       4.911618737712e+01 
       1.115251649089e+00       4.882665601267e+01 
       1.118068182849e+00       4.853967975844e+01 
       1.120884716621e+00       4.825514229014e+01 
       1.123701250404e+00       4.797295777608e+01 
       1.126517784198e+00       4.769294947376e+01 
       1.129334318003e+00       4.741510402035e+01 
       1.132150851820e+00       4.713936734677e+01 
       1.134967385647e+00       4.686588758808e+01 
       1.137783919485e+00       4.659463684172e+01 
       1.140600453334e+00       4.632571792520e+01 
       1.143416987194e+00       4.605910105692e+01 
       1.146233521065e+00       4.579458905688e+01 
       1.149050054946e+00       4.553211916386e+01 
       1.151866588838e+00       4.527159269213e+01 
       1.154683122740e+00       4.501303976376e+01 
       1.157499656652e+00       4.475658572150e+01 
       1.160316190575e+00       4.450217803253e+01 
       1.163132724508e+00       4.424996084690e+01 
       1.165949258451e+00       4.399979574210e+01 
       1.168765792404e+00       4.375160818631e+01 
       1.171582326367e+00       4.350524413105e+01 
       1.174398860340e+00       4.326070737440e+01 
       1.177215394323e+00       4.301799912604e+01 
       1.180031928316e+00       4.277718685422e+01 
       1.182848462318e+00       4.253836981010e+01 
       1.185664996330e+00       4.230151665634e+01 
       1.188481530351e+00       4.206658283325e+01 
       1.191298064382e+00       4.183342187241e+01 
       1.194114598423e+00       4.160198942993e+01 
       1.196931132473e+00       4.137216562758e+01 
       1.199747666532e+00       4.114408894486e+01 
       1.202564200600e+00       4.091778292553e+01 
       1.205380734678e+00       4.069328714467e+01 
       1.208197268764e+00       4.047061037034e+01 
       1.211013802860e+00       4.024970485415e+01 
       1.213830336965e+00       4.003043866787e+01 
       1.216646871078e+00       3.981274878005e+01 
       1.219463405201e+00       3.959659159561e+01 
       1.222279939332e+00       3.938202827076e+01 
       1.225096473472e+00       3.916909602388e+01 
       1.227913007620e+00       3.895785860622e+01 
       1.230729541778e+00       3.874832626754e+01 
       1.233546075943e+00       3.854033668085e+01 
       1.236362610118e+00       3.833396554209e+01 
       1.239179144300e+00       3.812897902006e+01 
       1.241995678492e+00       3.792542470557e+01 
       1.244812212691e+00       3.772335310900e+01 
       1.247628746899e+00       3.752282450459e+01 
       1.250445281114e+00       3.732387091877e+01 
       1.253261815338e+00       3.712641703236e+01 
       1.256078349571e+00       3.693051498676e+01 
       1.258894883811e+00       3.673600122710e+01 
       1.261711418059e+00       3.654279290751e+01 
       1.264527952315e+00       3.635092720051e+01 
       1.267344486579e+00       3.616043241451e+01 
       1.270161020851e+00       3.597131593508e+01 
       1.272977555130e+00       3.578375394709e+01 
       1.275794089418e+00       3.559756436254e+01 
       1.278610623713e+00       3.541275753560e+01 
       1.281427158015e+00       3.522925710195e+01 
       1.284243692326e+00       3.504698451858e+01 
       1.287060226643e+00       3.486592891396e+01 
       1.289876760969e+00       3.468615469441e+01 
       1.292693295301e+00       3.450772303767e+01 
       1.295509829641e+00       3.433063818467e+01 
       1.298326363988e+00       3.415488151275e+01 
       1.301142898343e+00       3.398040333528e+01 
       1.303959432705e+00       3.380709934444e+01 
       1.306775967074e+00       3.363496360717e+01 
       1.309592501450e+00       3.346394711762e+01 
       1.312409035833e+00       3.329411642834e+01 
       1.315225570224e+00       3.312556549408e+01 
       1.318042104621e+00       3.295828966191e+01 
       1.320858639025e+00       3.279223724866e+01 
       1.323675173437e+00       3.262733051163e+01 
       1.326491707855e+00       3.246354836202e+01 
       1.329308242280e+00       3.230081371784e+01 
       1.332124776711e+00       3.213915983972e+01 
       1.334941311150e+00       3.197860435045e+01 
       1.337757845595e+00       3.181924377061e+01 
       1.340574380047e+00       3.166106884089e+01 
       1.343390914505e+00       3.150403599832e+01 
       1.346207448970e+00       3.134806964964e+01 
       1.349023983442e+00       3.119311699133e+01 
       1.351840517920e+00       3.103913638379e+01 
       1.354657052404e+00       3.088620852783e+01 
       1.357473586895e+00       3.073429792781e+01 
       1.360290121392e+00       3.058348510120e+01 
       1.363106655896e+00       3.043378851512e+01 
       1.365923190406e+00       3.028512345023e+01 
       1.368739724922e+00       3.013750857769e+01 
       1.371556259444e+00       2.999076422167e+01 
       1.374372793973e+00       2.984498478965e+01 
       1.377189328508e+00       2.970015894187e+01 
       1.380005863048e+00       2.955630357671e+01 
       1.382822397595e+00       2.941346394392e+01 
       1.385638932148e+00       2.927164633702e+01 
       1.388455466707e+00       2.913085354526e+01 
       1.391272001272e+00       2.899095993441e+01 
       1.394088535842e+00       2.885194681256e+01 
       1.396905070419e+00       2.871377477542e+01 
       1.399721605001e+00       2.857651577087e+01 
       1.402538139590e+00       2.844015839524e+01 
       1.405354674184e+00       2.830480879550e+01 
       1.408171208783e+00       2.817038777114e+01 
       1.410987743389e+00       2.803688780987e+01 
       1.413804278000e+00       2.790423797989e+01 
       1.416620812617e+00       2.777242086994e+01 
       1.419437347239e+00       2.764140727243e+01 
       1.422253881867e+00       2.751119045960e+01 
       1.425070416501e+00       2.738189803739e+01 
       1.427886951140e+00       2.725348134357e+01 
       1.430703485784e+00       2.712593636723e+01 
       1.433520020434e+00       2.699927244766e+01 
       1.436336555089e+00       2.687341917174e+01 
       1.439153089750e+00       2.674829608467e+01 
       1.441969624416e+00       2.662393464653e+01 
       1.444786159088e+00       2.650035260291e+01 
       1.447602693764e+00       2.637756296433e+01 
       1.450419228446e+00       2.625571081083e+01 
       1.453235763133e+00       2.613462103935e+01 
       1.456052297826e+00       2.601432330386e+01 
       1.458868832523e+00       2.589476623306e+01 
       1.461685367226e+00       2.577595148493e+01 
       1.464501901933e+00       2.565780570380e+01 
       1.467318436646e+00       2.554041023331e+01 
       1.470134971364e+00       2.542381248417e+01 
       1.472951506087e+00       2.530798110524e+01 
       1.475768040815e+00       2.519292350675e+01 
       1.478584575548e+00       2.507861838259e+01 
       1.481401110285e+00       2.496499516485e+01 
       1.484217645028e+00       2.485202718063e+01 
       1.487034179775e+00       2.473974592038e+01 
       1.489850714528e+00       2.462816883995e+01 
       1.492667249285e+00       2.451727671507e+01 
       1.495483784047e+00       2.440717177411e+01 
       1.498300318814e+00       2.429776419989e+01 
       1.501116853585e+00       2.418903153373e+01 
       1.503933388361e+00       2.408098742822e+01 
       1.506749923142e+00       2.397353558008e+01 
       1.509566457928e+00       2.386669746881e+01 
       1.512382992718e+00       2.376050725056e+01 
       1.515199527512e+00       2.365501751180e+01 
       1.518016062312e+00       2.355025553788e+01 
       1.520832597116e+00       2.344614195381e+01 
       1.523649131924e+00       2.334270485871e+01 
       1.526465666737e+00       2.323981892176e+01 
       1.529282201554e+00       2.313752895215e+01 
       1.532098736376e+00       2.303584307212e+01 
       1.534915271202e+00       2.293473961598e+01 
       1.537731806033e+00       2.283433020773e+01 
       1.540548340868e+00       2.273456222554e+01 
       1.543364875708e+00       2.263541938904e+01 
       1.546181410551e+00       2.253689902525e+01 
       1.548997945399e+00       2.243892830203e+01 
       1.551814480252e+00       2.234150612069e+01 
       1.554631015108e+00       2.224463304673e+01 
       1.557447549969e+00       2.214833451327e+01 
       1.560264084834e+00       2.205269743453e+01 
       1.563080619703e+00       2.195763638406e+01 
       1.565897154577e+00       2.186313710871e+01 
       1.568713689454e+00       2.176925259491e+01 
       1.571530224336e+00       2.167586352122e+01 
       1.574346759222e+00       2.158300705701e+01 
       1.577163294112e+00       2.149065673472e+01 
       1.579979829006e+00       2.139887041893e+01 
       1.582796363904e+00       2.130766320485e+01 
       1.585612898806e+00       2.121705688407e+01 
       1.588429433712e+00       2.112701953695e+01 
       1.591245968622e+00       2.103743625095e+01 
       1.594062503536e+00       2.094839366490e+01 
       1.596879038454e+00       2.085979341497e+01 
       1.599695573375e+00       2.077176745427e+01 
       1.602512108301e+00       2.068420910476e+01 
       1.605328643231e+00       2.059719630053e+01 
       1.608145178164e+00       2.051078183920e+01 
       1.610961713101e+00       2.042484679895e+01 
       1.613778248042e+00       2.033938371507e+01 
       1.616594782987e+00       2.025441791302e+01 
       1.619411317936e+00       2.016987047201e+01 
       1.622227852888e+00       2.008583788135e+01 
       1.625044387844e+00       2.000229751518e+01 
       1.627860922804e+00       1.991926109526e+01 
       1.630677457767e+00       1.983672370734e+01 
       1.633493992735e+00       1.975470254097e+01 
       1.636310527705e+00       1.967311633679e+01 
       1.639127062680e+00       1.959195617818e+01 
       1.641943597658e+00       1.951122240995e+01 
       1.644760132640e+00       1.943099232633e+01 
       1.647576667625e+00       1.935122883883e+01 
       1.650393202614e+00       1.927188468232e+01 
       1.653209737606e+00       1.919308781925e+01 
       1.656026272602e+00       1.911470047550e+01 
       1.658842807601e+00       1.903676716742e+01 
       1.661659342604e+00       1.895925206360e+01 
       1.664475877610e+00       1.888211855298e+01 
       1.667292412620e+00       1.880543868135e+01 
       1.670108947633e+00       1.872917500012e+01 
       1.672925482650e+00       1.865341146388e+01 
       1.675742017670e+00       1.857811558531e+01 
       1.678558552694e+00       1.850314790292e+01 
       1.681375087720e+00       1.842867636298e+01 
       1.684191622750e+00       1.835456396691e+01 
       1.687008157784e+00       1.828082484232e+01 
       1.689824692821e+00       1.820750861105e+01 
       1.692641227861e+00       1.813457977997e+01 
       1.695457762904e+00       1.806210951772e+01 
       1.698274297951e+00       1.799011181538e+01 
       1.701090833001e+00       1.791847783869e+01 
       1.703907368054e+00       1.784722094922e+01 
       1.706723903110e+00       1.777630043241e+01 
       1.709540438170e+00       1.770576225301e+01 
       1.712356973233e+00       1.763562994691e+01 
       1.715173508299e+00       1.756589675657e+01 
       1.717990043368e+00       1.749658253002e+01 
       1.720806578440e+00       1.742765952016e+01 
       1.723623113515e+00       1.735909511899e+01 
       1.726439648594e+00       1.729090433433e+01 
       1.729256183675e+00       1.722304040868e+01 
       1.732072718760e+00       1.715553026575e+01 
       1.734889253848e+00       1.708837742945e+01 
       1.737705788938e+00       1.702162956737e+01 
       1.740522324032e+00       1.695526700144e+01 
       1.743338859129e+00       1.688927796946e+01 
       1.746155394229e+00       1.682366315528e+01 
       1.748971929332e+00       1.675834650277e+01 
       1.751788464437e+00       1.669337082520e+01 
       1.754604999546e+00       1.662870043579e+01 
       1.757421534658e+00       1.656440928138e+01 
       1.760238069772e+00       1.650047658188e+01 
       1.763054604890e+00       1.643693221226e+01 
       1.765871140010e+00       1.637371086659e+01 
       1.768687675134e+00       1.631082469556e+01 
       1.771504210260e+00       1.624829741923e+01 
       1.774320745389e+00       1.618602420751e+01 
       1.777137280521e+00       1.612408176407e+01 
       1.779953815656e+00       1.606248001140e+01 
       1.782770350793e+00       1.600123674612e+01 
       1.785586885934e+00       1.594032157218e+01 
       1.788403421077e+00       1.587974549458e+01 
       1.791219956223e+00       1.581948235837e+01 
       1.794036491372e+00       1.575952439378e+01 
       1.796853026523e+00       1.569984239326e+01 
       1.799669561678e+00       1.564046967757e+01 
       1.802486096835e+00       1.558141702274e+01 
       1.805302631994e+00       1.552269996220e+01 
       1.808119167157e+00       1.546431127159e+01 
       1.810935702322e+00       1.540623550452e+01 
       1.813752237490e+00       1.534845497049e+01 
       1.816568772660e+00       1.529093747383e+01 
       1.819385307833e+00       1.523370387302e+01 
       1.822201843009e+00       1.517674700423e+01 
       1.825018378187e+00       1.512012226180e+01 
       1.827834913368e+00       1.506379776502e+01 
       1.830651448552e+00       1.500778774980e+01 
       1.833467983738e+00       1.495208306831e+01 
       1.836284518927e+00       1.489665118597e+01 
       1.839101054118e+00       1.484146698728e+01 
       1.841917589312e+00       1.478654743120e+01 
       1.844734124509e+00       1.473189946695e+01 
       1.847550659708e+00       1.467756466361e+01 
       1.850367194909e+00       1.462352083769e+01 
       1.853183730114e+00       1.456979792966e+01 
       1.856000265320e+00       1.451631324349e+01 
       1.858816800529e+00       1.446309777358e+01 
       1.861633335741e+00       1.441013658617e+01 
       2.343657409796e+00       8.216915524870e+00 
       2.950489869685e+00       4.651893560439e+00 
       3.714446674188e+00       2.616423707498e+00 
       4.676211308889e+00       1.462835873908e+00 
       5.887001247680e+00       8.134110483801e-01 
       7.411295469968e+00       4.500442221732e-01 
       9.330268201458e+00       2.477739764865e-01 
       1.174611173767e+01       1.358136181199e-01 
       1.478747855633e+01       7.416461974817e-02 
       1.861633253092e+01       4.039293625113e-02 
       2.343657409759e+01       2.188498867940e-02 
       2.950489869685e+01       1.180338228756e-02 
       3.714446674188e+01       6.383937618578e-03 
       4.676211308889e+01       3.408759775917e-03 
       5.887001247680e+01       1.815984836376e-03 
       7.411295469968e+01       9.680337397999e-04 
       9.330268201458e+01       5.157266505956e-04 
       1.174611173767e+02       2.739170302091e-04 
       1.478747855633e+02       1.387387583061e-04 
