# Matter power spectrum P(k) at redshift z=0
# for k=9.1423e-06 to 147.875 h/Mpc,
# number of wavenumbers equal to 1050
#    1:k (h/Mpc)              2:P (Mpc/h)^3        
       9.142301902038e-06       5.447770843171e+01 
       2.042836597042e-05       1.207264597204e+02 
       3.174488752173e-05       1.867523592974e+02 
       4.311522865390e-05       2.528389402207e+02 
       5.456304853649e-05       3.191865284438e+02 
       6.611246550713e-05       3.859687305247e+02 
       7.778822318636e-05       4.533488474162e+02 
       8.961586233824e-05       5.214868545253e+02 
       1.016219002179e-04       5.905433147403e+02 
       1.138340191660e-04       6.606819471821e+02 
       1.262812662254e-04       7.320716435484e+02 
       1.389942655637e-04       8.048881478142e+02 
       1.520054454676e-04       8.793156422864e+02 
       1.653492816298e-04       9.555482928915e+02 
       1.790625583411e-04       1.033791756283e+03 
       1.931846490226e-04       1.114264771553e+03 
       2.077578172346e-04       1.197200769574e+03 
       2.228275388594e-04       1.282849565766e+03 
       2.384428455003e-04       1.371479098770e+03 
       2.546566882281e-04       1.463377237012e+03 
       2.715263195374e-04       1.558853605479e+03 
       2.891136896784e-04       1.658241457536e+03 
       3.074858512794e-04       1.761899441302e+03 
       3.267153632765e-04       1.870213353137e+03 
       3.468806814870e-04       1.983597647954e+03 
       3.680665186256e-04       2.102496687636e+03 
       3.903641511005e-04       2.227385542651e+03 
       4.138716435752e-04       2.358770192049e+03 
       4.386939552177e-04       2.497186890991e+03 
       4.649428841519e-04       2.643200487107e+03 
       4.927367995586e-04       2.797401345416e+03 
       5.222001051978e-04       2.960400632341e+03 
       5.534623753241e-04       3.132823662751e+03 
       5.866571059730e-04       3.315300846762e+03 
       6.219200336200e-04       3.508456368847e+03 
       6.593869915032e-04       3.712894316775e+03 
       6.991913031280e-04       3.929182041210e+03 
       7.414607530734e-04       4.157831942111e+03 
       7.863142254615e-04       4.399281446337e+03 
       8.338581557634e-04       4.653872608722e+03 
       8.841829943470e-04       4.921832615807e+03 
       9.373599203089e-04       5.203256599102e+03 
       9.934380610870e-04       5.498094047033e+03 
       1.052442458731e-03       5.806140833210e+03 
       1.114372974288e-03       6.127037287446e+03 
       1.179204241559e-03       6.460272946577e+03 
       1.246886681911e-03       6.805197820284e+03 
       1.317348489320e-03       7.161039994566e+03 
       1.390498406856e-03       7.526926328563e+03 
       1.466229056198e-03       7.901906406115e+03 
       1.544420557523e-03       8.284977455871e+03 
       1.624944187283e-03       8.675108558513e+03 
       1.707665858822e-03       9.071262594185e+03 
       1.792449264561e-03       9.472416362408e+03 
       1.879158577464e-03       9.877576407478e+03 
       1.967660664612e-03       1.028579272114e+04 
       2.057826811067e-03       1.069616841744e+04 
       2.149533985243e-03       1.110788151313e+04 
       2.242665697758e-03       1.152013293500e+04 
       2.337112516074e-03       1.193220777350e+04 
       2.432772299396e-03       1.234345399295e+04 
       2.529550215073e-03       1.275327875839e+04 
       2.627358591245e-03       1.316114912878e+04 
       2.726116652414e-03       1.356658545252e+04 
       2.825750176298e-03       1.396915876302e+04 
       2.926191102443e-03       1.436848838583e+04 
       3.027377116072e-03       1.476423678016e+04 
       3.129251224687e-03       1.515610606588e+04 
       3.231761340098e-03       1.554383582853e+04 
       3.334859874634e-03       1.592719777623e+04 
       3.438503357277e-03       1.630599438470e+04 
       3.542652073199e-03       1.668005387957e+04 
       3.647269728439e-03       1.704923021245e+04 
       3.752323140264e-03       1.741339660193e+04 
       3.857781952900e-03       1.777245044500e+04 
       3.963618377711e-03       1.812629490873e+04 
       4.069806956582e-03       1.847486759253e+04 
       4.176324346991e-03       1.881810371115e+04 
       4.283149127218e-03       1.915595809534e+04 
       4.390261620052e-03       1.948839203964e+04 
       4.497643733425e-03       1.981538701937e+04 
       4.605278816460e-03       2.013691593730e+04 
       4.713151529487e-03       2.045297446840e+04 
       4.821247726712e-03       2.076356488340e+04 
       4.929554350285e-03       2.106868782968e+04 
       5.038059334664e-03       2.136834979511e+04 
       5.146751520224e-03       2.166257306241e+04 
       5.255620575196e-03       2.195137431315e+04 
       5.364656925092e-03       2.223478423801e+04 
       5.473851688853e-03       2.251281364804e+04 
       5.583196621035e-03       2.278551287711e+04 
       5.692684059437e-03       2.305290279639e+04 
       5.802306877601e-03       2.331502300845e+04 
       5.912058441713e-03       2.357190941665e+04 
       6.021932571446e-03       2.382360207956e+04 
       6.131923504366e-03       2.407013365832e+04 
       6.242025863534e-03       2.431157912411e+04 
       6.352234628010e-03       2.454794877483e+04 
       6.462545105948e-03       2.477929460328e+04 
       6.572952910051e-03       2.500566890233e+04 
       6.683453935152e-03       2.522711695596e+04 
       6.794044337716e-03       2.544368896157e+04 
       6.904720517079e-03       2.565542205647e+04 
       7.015479098275e-03       2.586237796763e+04 
       7.126316916277e-03       2.606459091817e+04 
       7.237231001548e-03       2.626212551345e+04 
       7.348218566769e-03       2.645501840721e+04 
       7.459276994633e-03       2.664332879819e+04 
       7.570403826622e-03       2.682709724832e+04 
       7.681596752669e-03       2.700639411660e+04 
       7.792853601634e-03       2.718124470375e+04 
       7.904172332519e-03       2.735170003762e+04 
       8.015551026358e-03       2.751783232350e+04 
       8.126987878725e-03       2.767967269376e+04 
       8.238481192813e-03       2.783725540797e+04 
       8.350029373024e-03       2.799067648152e+04 
       8.461630919043e-03       2.813994127572e+04 
       8.573284420341e-03       2.828511277159e+04 
       8.684988551082e-03       2.842622578627e+04 
       8.796742065404e-03       2.856335866257e+04 
       8.908543793029e-03       2.869653708917e+04 
       9.020392635194e-03       2.882582253761e+04 
       9.132287560868e-03       2.895123258146e+04 
       9.244227603231e-03       2.907285259748e+04 
       9.356211856406e-03       2.919073310029e+04 
       9.468239472414e-03       2.930486299999e+04 
       9.580309658337e-03       2.941532797697e+04 
       9.692421673679e-03       2.952217708135e+04 
       9.804574827907e-03       2.962545912886e+04 
       9.916768478159e-03       2.972519279326e+04 
       1.002900202710e-02       2.982143726033e+04 
       1.014127492095e-02       2.991423623219e+04 
       1.025358664760e-02       3.000365277627e+04 
       1.036593673488e-02       3.008970672989e+04 
       1.047832474897e-02       3.017242657949e+04 
       1.059075029286e-02       3.025189664053e+04 
       1.070321300496e-02       3.032811094777e+04 
       1.081571255778e-02       3.040118611936e+04 
       1.092824865671e-02       3.047107296501e+04 
       1.104082103886e-02       3.053787723880e+04 
       1.115342947205e-02       3.060160672159e+04 
       1.126607375373e-02       3.066230146653e+04 
       1.137875371015e-02       3.072003150596e+04 
       1.149146919543e-02       3.077481116545e+04 
       1.160422009082e-02       3.082669776844e+04 
       1.171700630389e-02       3.087570543880e+04 
       1.182982776790e-02       3.092187729303e+04 
       1.194268444115e-02       3.096528449880e+04 
       1.205557630635e-02       3.100590055880e+04 
       1.216850337014e-02       3.104383169122e+04 
       1.228146566253e-02       3.107908618394e+04 
       1.239446323645e-02       3.111166449857e+04 
       1.250749616736e-02       3.114167173511e+04 
       1.262056455281e-02       3.116909414036e+04 
       1.273366851212e-02       3.119398113152e+04 
       1.284680818605e-02       3.121636962672e+04 
       1.295998373653e-02       3.123629274931e+04 
       1.307319534634e-02       3.125375198352e+04 
       1.318644321896e-02       3.126887781849e+04 
       1.329972757831e-02       3.128183803595e+04 
       1.341304866858e-02       3.129235633701e+04 
       1.352640675410e-02       3.130044964066e+04 
       1.363980211921e-02       3.130625446230e+04 
       1.375323506810e-02       3.130986631307e+04 
       1.386670592483e-02       3.131124378111e+04 
       1.398021503316e-02       3.131046853809e+04 
       1.409376275660e-02       3.130756595119e+04 
       1.420734947833e-02       3.130249968529e+04 
       1.432097560123e-02       3.129539596686e+04 
       1.443464154790e-02       3.128624459586e+04 
       1.454834776069e-02       3.127507618652e+04 
       1.466209470175e-02       3.126189924242e+04 
       1.477588285314e-02       3.124674760965e+04 
       1.488971271689e-02       3.122967992618e+04 
       1.500358481509e-02       3.121076473151e+04 
       1.511749969009e-02       3.118990215533e+04 
       1.523145790458e-02       3.116723488436e+04 
       1.534546004177e-02       3.114278390034e+04 
       1.545950670556e-02       3.111650199704e+04 
       1.557359852077e-02       3.108848970937e+04 
       1.568773613330e-02       3.105870244016e+04 
       1.580192021036e-02       3.102727108826e+04 
       1.591615144076e-02       3.099413133908e+04 
       1.603043053512e-02       3.095938872717e+04 
       1.614475822615e-02       3.092295711159e+04 
       1.625913526894e-02       3.088494617132e+04 
       1.637356244130e-02       3.084541451384e+04 
       1.648804054401e-02       3.080434273426e+04 
       1.660257040124e-02       3.076173403883e+04 
       1.671715286081e-02       3.071766578450e+04 
       1.683178879467e-02       3.067208320262e+04 
       1.694647909916e-02       3.062510142747e+04 
       1.706122469554e-02       3.057672514869e+04 
       1.717602653029e-02       3.052692675125e+04 
       1.729088557565e-02       3.047579539323e+04 
       1.740580282999e-02       3.042332798361e+04 
       1.752077931833e-02       3.036958878175e+04 
       1.763581609284e-02       3.031448981469e+04 
       1.775091423327e-02       3.025817723754e+04 
       1.786607484759e-02       3.020065260164e+04 
       1.798129907241e-02       3.014185945697e+04 
       1.809658807367e-02       3.008193234293e+04 
       1.821194304711e-02       3.002076722687e+04 
       1.832736521894e-02       2.995849907887e+04 
       1.844285584646e-02       2.989515668736e+04 
       1.855841621868e-02       2.983063111503e+04 
       1.867404765700e-02       2.976510226977e+04 
       1.878975151591e-02       2.969850710587e+04 
       1.890552918366e-02       2.963089230383e+04 
       1.902138208306e-02       2.956220533777e+04 
       1.913731167218e-02       2.949260426794e+04 
       1.925331944516e-02       2.942200248680e+04 
       1.936940693303e-02       2.935040404202e+04 
       1.948557570450e-02       2.927795935797e+04 
       1.960182736688e-02       2.920452092032e+04 
       1.971816356692e-02       2.913039387461e+04 
       1.983458599175e-02       2.905524089777e+04 
       1.995109636982e-02       2.897924579512e+04 
       2.006769647190e-02       2.890253536730e+04 
       2.018438811204e-02       2.882487138525e+04 
       2.030117314864e-02       2.874650781183e+04 
       2.041805348555e-02       2.866739669778e+04 
       2.053503107310e-02       2.858752187467e+04 
       2.065210790932e-02       2.850694777212e+04 
       2.076928604110e-02       2.842558098109e+04 
       2.088656756536e-02       2.834352619393e+04 
       2.100395463038e-02       2.826082582734e+04 
       2.112144943704e-02       2.817751645587e+04 
       2.123905424017e-02       2.809350740063e+04 
       2.135677134997e-02       2.800889801970e+04 
       2.147460313338e-02       2.792374662663e+04 
       2.159255201561e-02       2.783796297145e+04 
       2.171062048161e-02       2.775158433234e+04 
       2.182881107768e-02       2.766465275968e+04 
       2.194712641310e-02       2.757725227850e+04 
       2.206556916176e-02       2.748924413616e+04 
       2.218414206396e-02       2.740082163231e+04 
       2.230284792814e-02       2.731186678015e+04 
       2.242168963278e-02       2.722243145831e+04 
       2.254067012831e-02       2.713258742852e+04 
       2.265979243906e-02       2.704230102116e+04 
       2.277905966536e-02       2.695155223463e+04 
       2.289847498562e-02       2.686037179096e+04 
       2.301804165853e-02       2.676891217885e+04 
       2.313776302535e-02       2.667701022881e+04 
       2.325764251225e-02       2.658473605543e+04 
       2.337768363273e-02       2.649210378814e+04 
       2.349788999016e-02       2.639913895733e+04 
       2.361826528040e-02       2.630583359214e+04 
       2.373881329446e-02       2.621224253336e+04 
       2.385953792133e-02       2.611827517879e+04 
       2.398044315090e-02       2.602423831148e+04 
       2.410153307694e-02       2.592983044112e+04 
       2.422281190023e-02       2.583508133468e+04 
       2.434428393182e-02       2.574014482115e+04 
       2.446595359636e-02       2.564505614494e+04 
       2.458782543558e-02       2.554962235011e+04 
       2.470990411197e-02       2.545403335423e+04 
       2.483219441246e-02       2.535823668022e+04 
       2.495470125236e-02       2.526233990631e+04 
       2.507742967943e-02       2.516614987924e+04 
       2.520038487806e-02       2.506988322038e+04 
       2.532357217365e-02       2.497337500825e+04 
       2.544699703721e-02       2.487680386295e+04 
       2.557066509004e-02       2.478008055031e+04 
       2.569458210868e-02       2.468326686681e+04 
       2.581875403005e-02       2.458627040102e+04 
       2.594318695678e-02       2.448926061676e+04 
       2.606788716274e-02       2.439207145608e+04 
       2.619286109890e-02       2.429487581703e+04 
       2.631811539930e-02       2.419761252959e+04 
       2.644365688737e-02       2.410023071597e+04 
       2.656949258250e-02       2.400289498205e+04 
       2.669562970688e-02       2.390545583054e+04 
       2.682207569261e-02       2.380791066812e+04 
       2.694883818922e-02       2.371034077077e+04 
       2.707592507139e-02       2.361290027933e+04 
       2.720334444715e-02       2.351537619344e+04 
       2.733110466633e-02       2.341781547547e+04 
       2.745921432949e-02       2.332025124164e+04 
       2.758768229717e-02       2.322277572566e+04 
       2.771651769967e-02       2.312530177589e+04 
       2.784572994721e-02       2.302774717966e+04 
       2.797532874062e-02       2.293030745670e+04 
       2.810532408246e-02       2.283293428950e+04 
       2.823572628878e-02       2.273568017869e+04 
       2.836654600141e-02       2.263833573075e+04 
       2.849779420081e-02       2.254104816285e+04 
       2.862948221961e-02       2.244385697966e+04 
       2.876162175681e-02       2.234679976088e+04 
       2.889422489271e-02       2.224973298677e+04 
       2.902730410456e-02       2.215283277284e+04 
       2.916087228309e-02       2.205596021175e+04 
       2.929494274984e-02       2.195923295547e+04 
       2.942952927541e-02       2.186254333414e+04 
       2.956464609872e-02       2.176598126479e+04 
       2.970030794728e-02       2.166947930104e+04 
       2.983653005854e-02       2.157310736699e+04 
       2.997332820245e-02       2.147686183827e+04 
       3.011071870525e-02       2.138070688627e+04 
       3.024871847465e-02       2.128468764897e+04 
       3.038734502633e-02       2.118877368513e+04 
       3.052661651207e-02       2.109303331753e+04 
       3.066655174945e-02       2.099745149761e+04 
       3.080717025335e-02       2.090185400467e+04 
       3.094849226925e-02       2.080646886420e+04 
       3.109053880859e-02       2.071124081456e+04 
       3.123333168627e-02       2.061606549209e+04 
       3.137689356045e-02       2.052105300800e+04 
       3.152124797482e-02       2.042627970291e+04 
       3.166641940356e-02       2.033165706925e+04 
       3.181243329916e-02       2.023704726399e+04 
       3.195931614334e-02       2.014262059772e+04 
       3.210709550131e-02       2.004830814825e+04 
       3.225580007958e-02       1.995416433133e+04 
       3.240545978774e-02       1.986021440940e+04 
       3.255610580438e-02       1.976637848191e+04 
       3.270777064756e-02       1.967266392496e+04 
       3.286048825027e-02       1.957903666244e+04 
       3.301429404117e-02       1.948568837772e+04 
       3.316922503112e-02       1.939240649673e+04 
       3.332531990612e-02       1.929925175840e+04 
       3.348261912700e-02       1.920618898406e+04 
       3.364116503662e-02       1.911338003780e+04 
       3.380100197525e-02       1.902063992163e+04 
       3.396217640486e-02       1.892801912258e+04 
       3.412473704305e-02       1.883553449546e+04 
       3.428873500773e-02       1.874301055474e+04 
       3.445422397347e-02       1.865082624375e+04 
       3.462126034056e-02       1.855861739968e+04 
       3.478990341831e-02       1.846662673912e+04 
       3.496021562374e-02       1.837470121525e+04 
       3.513226269738e-02       1.828280542657e+04 
       3.530611393793e-02       1.819104002056e+04 
       3.548184245786e-02       1.809938585468e+04 
       3.565952546193e-02       1.800780681218e+04 
       3.583924455151e-02       1.791632733843e+04 
       3.602108605724e-02       1.782489979273e+04 
       3.620514140343e-02       1.773348102762e+04 
       3.639150750778e-02       1.764208468503e+04 
       3.658028722053e-02       1.755076344047e+04 
       3.677158980783e-02       1.745945566241e+04 
       3.696553148464e-02       1.736823773114e+04 
       3.716223600330e-02       1.727695511727e+04 
       3.736183530482e-02       1.718563330302e+04 
       3.756447024092e-02       1.709441179254e+04 
       3.777029137619e-02       1.700306052515e+04 
       3.797945988100e-02       1.691164552112e+04 
       3.819214852768e-02       1.682022675315e+04 
       3.840854280422e-02       1.672869523188e+04 
       3.862884216247e-02       1.663705142784e+04 
       3.885326142018e-02       1.654531659340e+04 
       3.908203234004e-02       1.645337002604e+04 
       3.931540541240e-02       1.636127792974e+04 
       3.955365187363e-02       1.626900672371e+04 
       3.979706599746e-02       1.617650606012e+04 
       4.004596770395e-02       1.608376386584e+04 
       4.030070553905e-02       1.599073235793e+04 
       4.056166008822e-02       1.589735730154e+04 
       4.082924790010e-02       1.580368663993e+04 
       4.110392601194e-02       1.570958036036e+04 
       4.138619718772e-02       1.561507888345e+04 
       4.167661600346e-02       1.552000238729e+04 
       4.197579594424e-02       1.542447017235e+04 
       4.228441771406e-02       1.532826273758e+04 
       4.260323900618e-02       1.523143247412e+04 
       4.293310604007e-02       1.513379822462e+04 
       4.327496724488e-02       1.503534295624e+04 
       4.362988956264e-02       1.493593342104e+04 
       4.399907796400e-02       1.483553597958e+04 
       4.438389892014e-02       1.473394838430e+04 
       4.478590876842e-02       1.463102097849e+04 
       4.520688815505e-02       1.452663761373e+04 
       4.564888405036e-02       1.442055775463e+04 
       4.611426122503e-02       1.431255629573e+04 
       4.660576556318e-02       1.420230042273e+04 
       4.712660217591e-02       1.408959261900e+04 
       4.768053195728e-02       1.397392105016e+04 
       4.827199093337e-02       1.385477998367e+04 
       4.890623734290e-02       1.373158018380e+04 
       4.958953149782e-02       1.360347507889e+04 
       5.032935236083e-02       1.346945333788e+04 
       5.113465095559e-02       1.332823728253e+04 
       5.201613138512e-02       1.317807214670e+04 
       5.298653040459e-02       1.301667997600e+04 
       5.406082827785e-02       1.284109609213e+04 
       5.525625699353e-02       1.264738211268e+04 
       5.659187133660e-02       1.243051607555e+04 
       5.808733473876e-02       1.218415336787e+04 
       5.976053863449e-02       1.190114511244e+04 
       6.162393201301e-02       1.157417875042e+04 
       6.368022441642e-02       1.119771945975e+04 
       6.591927076992e-02       1.077049813135e+04 
       6.831837140742e-02       1.029778615801e+04 
       7.084668078955e-02       9.791935411146e+03 
       7.347169455168e-02       9.270657823148e+03 
       7.616463927640e-02       8.753689256633e+03 
       7.890304410401e-02       8.259358621484e+03 
       8.167084084864e-02       7.802021083865e+03 
       8.445720592514e-02       7.391073747293e+03 
       8.725512817425e-02       7.030573359210e+03 
       9.006017781535e-02       6.720123663982e+03 
       9.286959928654e-02       6.455661376710e+03 
       9.568169481647e-02       6.230630675119e+03 
       9.849542439788e-02       6.037053959852e+03 
       1.013101531060e-01       5.866307299725e+03 
       1.041254940331e-01       5.710170235978e+03 
       1.069412115928e-01       5.561258336553e+03 
       1.097571623359e-01       5.413711121125e+03 
       1.125732588501e-01       5.263515154437e+03 
       1.153894477870e-01       5.108511756996e+03 
       1.182056965034e-01       4.948438933749e+03 
       1.210219849452e-01       4.784527787853e+03 
       1.238383007192e-01       4.619149207421e+03 
       1.266546360984e-01       4.455249439660e+03 
       1.294709862049e-01       4.295886228653e+03 
       1.322873479042e-01       4.143809469913e+03 
       1.351037191336e-01       4.001153115937e+03 
       1.379200984934e-01       3.869284112381e+03 
       1.407364849975e-01       3.748761798940e+03 
       1.435528779211e-01       3.639404127404e+03 
       1.463692767075e-01       3.540414861150e+03 
       1.491856809102e-01       3.450539831347e+03 
       1.520020901579e-01       3.368259031589e+03 
       1.548185041315e-01       3.291934016508e+03 
       1.576349225504e-01       3.219972462861e+03 
       1.604513451633e-01       3.150946380022e+03 
       1.632677717421e-01       3.083685272999e+03 
       1.660842020777e-01       3.017340911615e+03 
       1.689006359771e-01       2.951403049946e+03 
       1.717170732615e-01       2.885689588008e+03 
       1.745335137645e-01       2.820301065653e+03 
       1.773499573308e-01       2.755547737279e+03 
       1.801664038150e-01       2.691869241808e+03 
       1.829828530812e-01       2.629754257337e+03 
       1.857993050018e-01       2.569667915401e+03 
       1.886157594568e-01       2.511993591832e+03 
       1.914322163335e-01       2.456999303164e+03 
       1.942486755257e-01       2.404820112893e+03 
       1.970651369336e-01       2.355463091153e+03 
       1.998816004626e-01       2.308820452971e+03 
       2.026980660239e-01       2.264698251719e+03 
       2.055145335332e-01       2.222840689802e+03 
       2.083310029111e-01       2.182958327264e+03 
       2.111474740822e-01       2.144759866745e+03 
       2.139639469754e-01       2.107970695198e+03 
       2.167804215229e-01       2.072346840872e+03 
       2.195968976609e-01       2.037696014184e+03 
       2.224133753284e-01       2.003875156069e+03 
       2.252298544678e-01       1.970793645071e+03 
       2.280463350241e-01       1.938409005568e+03 
       2.308628169453e-01       1.906715184262e+03 
       2.336793001816e-01       1.875735947334e+03 
       2.364957846857e-01       1.845510186841e+03 
       2.393122704128e-01       1.816082829177e+03 
       2.421287573198e-01       1.787494744224e+03 
       2.449452453658e-01       1.759776554752e+03 
       2.477617345118e-01       1.732943466637e+03 
       2.505782247204e-01       1.706993998137e+03 
       2.533947159560e-01       1.681909126230e+03 
       2.562112081846e-01       1.657662449294e+03 
       2.590277013736e-01       1.634205467523e+03 
       2.618441954919e-01       1.611496719837e+03 
       2.646606905096e-01       1.589480053539e+03 
       2.674771863981e-01       1.568104455506e+03 
       2.702936831301e-01       1.547324425066e+03 
       2.731101806794e-01       1.527093926280e+03 
       2.759266790208e-01       1.507377146828e+03 
       2.787431781302e-01       1.488143866164e+03 
       2.815596779845e-01       1.469370737311e+03 
       2.843761785613e-01       1.451038190153e+03 
       2.871926798393e-01       1.433135092634e+03 
       2.900091817980e-01       1.415652147601e+03 
       2.928256844176e-01       1.398581091774e+03 
       2.956421876793e-01       1.381915611317e+03 
       2.984586915647e-01       1.365651067909e+03 
       3.012751960562e-01       1.349778863245e+03 
       3.040917011369e-01       1.334293466634e+03 
       3.069082067905e-01       1.319183920781e+03 
       3.097247130014e-01       1.304440127383e+03 
       3.125412197544e-01       1.290051303576e+03 
       3.153577270349e-01       1.276005063023e+03 
       3.181742348288e-01       1.262287206204e+03 
       3.209907431225e-01       1.248888466726e+03 
       3.238072519031e-01       1.235793355195e+03 
       3.266237611577e-01       1.222990213292e+03 
       3.294402708743e-01       1.210470676715e+03 
       3.322567810409e-01       1.198221169122e+03 
       3.350732916463e-01       1.186235077395e+03 
       3.378898026794e-01       1.174500831065e+03 
       3.407063141295e-01       1.163013132374e+03 
       3.435228259863e-01       1.151763481324e+03 
       3.463393382400e-01       1.140745624030e+03 
       3.491558508807e-01       1.129953495618e+03 
       3.519723638993e-01       1.119380497635e+03 
       3.547888772867e-01       1.109021824617e+03 
       3.576053910340e-01       1.098871295834e+03 
       3.604219051330e-01       1.088923707788e+03 
       3.632384195753e-01       1.079173060801e+03 
       3.660549343529e-01       1.069615065698e+03 
       3.688714494583e-01       1.060243204186e+03 
       3.716879648838e-01       1.051053611354e+03 
       3.745044806223e-01       1.042039891530e+03 
       3.773209966667e-01       1.033197979716e+03 
       3.801375130102e-01       1.024522511352e+03 
       3.829540296462e-01       1.016009400260e+03 
       3.857705465682e-01       1.007653731734e+03 
       3.885870637700e-01       9.994507622745e+02 
       3.914035812456e-01       9.913975652605e+02 
       3.942200989890e-01       9.834894316028e+02 
       3.970366169945e-01       9.757223929878e+02 
       3.998531352566e-01       9.680935256834e+02 
       4.026696537698e-01       9.605982011120e+02 
       4.054861725290e-01       9.532343038232e+02 
       4.083026915289e-01       9.459973852285e+02 
       4.111192107647e-01       9.388852754645e+02 
       4.139357302316e-01       9.318942182314e+02 
       4.167522499247e-01       9.250220834820e+02 
       4.195687698396e-01       9.182644853568e+02 
       4.223852899717e-01       9.116197892954e+02 
       4.252018103168e-01       9.050853984605e+02 
       4.280183308707e-01       8.986580196040e+02 
       4.308348516291e-01       8.923353863071e+02 
       4.336513725882e-01       8.861146881478e+02 
       4.364678937441e-01       8.799940850007e+02 
       4.392844150929e-01       8.739706348761e+02 
       4.421009366309e-01       8.680424110288e+02 
       4.449174583545e-01       8.622068745039e+02 
       4.477339802603e-01       8.564623062699e+02 
       4.505505023448e-01       8.508060617866e+02 
       4.533670246046e-01       8.452366634285e+02 
       4.561835470365e-01       8.397518261540e+02 
       4.590000696373e-01       8.343496844279e+02 
       4.618165924039e-01       8.290284318490e+02 
       4.646331153334e-01       8.237864968785e+02 
       4.674496384227e-01       8.186212501602e+02 
       4.702661616689e-01       8.135318680773e+02 
       4.730826850693e-01       8.085166119288e+02 
       4.758992086211e-01       8.035735886428e+02 
       4.787157323216e-01       7.987013661427e+02 
       4.815322561682e-01       7.938983674409e+02 
       4.843487801584e-01       7.891631395981e+02 
       4.871653042896e-01       7.844942665168e+02 
       4.899818285594e-01       7.798903697686e+02 
       4.927983529655e-01       7.753498457735e+02 
       4.956148775054e-01       7.708714920925e+02 
       4.984314021770e-01       7.664542391245e+02 
       5.012479269780e-01       7.620965687686e+02 
       5.040644519062e-01       7.577973201730e+02 
       5.068809769595e-01       7.535553000920e+02 
       5.096975021359e-01       7.493692242203e+02 
       5.125140274332e-01       7.452382237474e+02 
       5.153305528495e-01       7.411610193479e+02 
       5.181470783829e-01       7.371364390845e+02 
       5.209636040314e-01       7.331636005839e+02 
       5.237801297932e-01       7.292414493715e+02 
       5.265966556664e-01       7.253688249564e+02 
       5.294131816493e-01       7.215449207199e+02 
       5.322297077402e-01       7.177687605139e+02 
       5.350462339373e-01       7.140393113454e+02 
       5.378627602389e-01       7.103557222756e+02 
       5.406792866435e-01       7.067172705470e+02 
       5.434958131493e-01       7.031228356291e+02 
       5.463123397549e-01       6.995717365248e+02 
       5.491288664587e-01       6.960631278782e+02 
       5.519453932592e-01       6.925961310345e+02 
       5.547619201548e-01       6.891700751589e+02 
       5.575784471443e-01       6.857841098495e+02 
       5.603949742261e-01       6.824375302387e+02 
       5.632115013989e-01       6.791295493974e+02 
       5.660280286613e-01       6.758595601717e+02 
       5.688445560119e-01       6.726267274671e+02 
       5.716610834495e-01       6.694305276180e+02 
       5.744776109728e-01       6.662702380569e+02 
       5.772941385805e-01       6.631451203179e+02 
       5.801106662713e-01       6.600546363081e+02 
       5.829271940442e-01       6.569981599257e+02 
       5.857437218978e-01       6.539750374728e+02 
       5.885602498311e-01       6.509847252897e+02 
       5.913767778429e-01       6.480266288601e+02 
       5.941933059320e-01       6.451001767859e+02 
       5.970098340974e-01       6.422047933077e+02 
       5.998263623381e-01       6.393398927382e+02 
       6.026428906528e-01       6.365051624418e+02 
       6.054594190407e-01       6.336999613055e+02 
       6.082759475006e-01       6.309236117456e+02 
       6.110924760316e-01       6.281758875597e+02 
       6.139090046327e-01       6.254561462266e+02 
       6.167255333030e-01       6.227638799035e+02 
       6.195420620415e-01       6.200988877207e+02 
       6.223585908472e-01       6.174603009497e+02 
       6.251751197193e-01       6.148480724141e+02 
       6.279916486568e-01       6.122615347194e+02 
       6.308081776590e-01       6.097002508992e+02 
       6.336247067248e-01       6.071639401593e+02 
       6.364412358536e-01       6.046521368189e+02 
       6.392577650443e-01       6.021644032426e+02 
       6.420742942963e-01       5.997003412885e+02 
       6.448908236087e-01       5.972596891148e+02 
       6.477073529808e-01       5.948419868989e+02 
       6.505238824117e-01       5.924468359479e+02 
       6.533404119007e-01       5.900739329118e+02 
       6.561569414470e-01       5.877228177446e+02 
       6.589734710499e-01       5.853932869634e+02 
       6.617900007087e-01       5.830849704021e+02 
       6.646065304227e-01       5.807974522610e+02 
       6.674230601911e-01       5.785305397379e+02 
       6.702395900133e-01       5.762838555785e+02 
       6.730561198887e-01       5.740568778027e+02 
       6.758726498164e-01       5.718496885393e+02 
       6.786891797959e-01       5.696615935948e+02 
       6.815057098266e-01       5.674926680464e+02 
       6.843222399078e-01       5.653423952000e+02 
       6.871387700389e-01       5.632105189747e+02 
       6.899553002192e-01       5.610969024976e+02 
       6.927718304482e-01       5.590010981012e+02 
       6.955883607253e-01       5.569229093382e+02 
       6.984048910499e-01       5.548620918894e+02 
       7.012214214214e-01       5.528183390414e+02 
       7.040379518393e-01       5.507914061253e+02 
       7.068544823029e-01       5.487812502636e+02 
       7.096710128118e-01       5.467872174560e+02 
       7.124875433655e-01       5.448093888756e+02 
       7.153040739633e-01       5.428474883891e+02 
       7.181206046048e-01       5.409011083453e+02 
       7.209371352894e-01       5.389702992906e+02 
       7.237536660167e-01       5.370545905421e+02 
       7.265701967862e-01       5.351538951010e+02 
       7.293867275973e-01       5.332681696009e+02 
       7.322032584496e-01       5.313967818797e+02 
       7.350197893426e-01       5.295399078837e+02 
       7.378363202758e-01       5.276972052547e+02 
       7.406528512489e-01       5.258684760842e+02 
       7.434693822612e-01       5.240535422280e+02 
       7.462859133124e-01       5.222521266471e+02 
       7.491024444021e-01       5.204641302422e+02 
       7.519189755298e-01       5.186893805250e+02 
       7.547355066951e-01       5.169276833214e+02 
       7.575520378975e-01       5.151788038115e+02 
       7.603685691367e-01       5.134426783555e+02 
       7.631851004122e-01       5.117190277383e+02 
       7.660016317237e-01       5.100077917720e+02 
       7.688181630707e-01       5.083087604149e+02 
       7.716346944528e-01       5.066216765570e+02 
       7.744512258698e-01       5.049465131343e+02 
       7.772677573211e-01       5.032830018967e+02 
       7.800842888064e-01       5.016311974047e+02 
       7.829008203254e-01       4.999907281925e+02 
       7.857173518777e-01       4.983615133867e+02 
       7.885338834629e-01       4.967434604817e+02 
       7.913504150807e-01       4.951363952138e+02 
       7.941669467307e-01       4.935401315192e+02 
       7.969834784126e-01       4.919545963652e+02 
       7.998000101261e-01       4.903796237344e+02 
       8.026165418708e-01       4.888150830985e+02 
       8.054330736463e-01       4.872608447492e+02 
       8.082496054525e-01       4.857168090852e+02 
       8.110661372888e-01       4.841827945275e+02 
       8.138826691552e-01       4.826586874787e+02 
       8.166992010511e-01       4.811444718407e+02 
       8.195157329764e-01       4.796398512949e+02 
       8.223322649306e-01       4.781447770192e+02 
       8.251487969136e-01       4.766591774471e+02 
       8.279653289250e-01       4.751828987284e+02 
       8.307818609646e-01       4.737158432054e+02 
       8.335983930320e-01       4.722579137679e+02 
       8.364149251270e-01       4.708090913876e+02 
       8.392314572492e-01       4.693691904860e+02 
       8.420479893985e-01       4.679380457829e+02 
       8.448645215745e-01       4.665154222511e+02 
       8.476810537770e-01       4.651012927826e+02 
       8.504975860057e-01       4.636952245024e+02 
       8.533141182604e-01       4.622981100852e+02 
       8.561306505407e-01       4.609095869910e+02 
       8.589471828465e-01       4.595294646218e+02 
       8.617637151775e-01       4.581573623238e+02 
       8.645802475335e-01       4.567929352277e+02 
       8.673967799141e-01       4.554362441396e+02 
       8.702133123192e-01       4.540872475463e+02 
       8.730298447486e-01       4.527460334969e+02 
       8.758463772019e-01       4.514126886490e+02 
       8.786629096790e-01       4.500870448512e+02 
       8.814794421796e-01       4.487688835860e+02 
       8.842959747036e-01       4.474580604179e+02 
       8.871125072506e-01       4.461545777167e+02 
       8.899290398205e-01       4.448581417059e+02 
       8.927455724130e-01       4.435689759715e+02 
       8.955621050280e-01       4.422870964408e+02 
       8.983786376652e-01       4.410121750387e+02 
       9.011951703244e-01       4.397441594335e+02 
       9.040117030054e-01       4.384829445067e+02 
       9.068282357080e-01       4.372281804802e+02 
       9.096447684321e-01       4.359801317876e+02 
       9.124613011773e-01       4.347388364930e+02 
       9.152778339435e-01       4.335043764808e+02 
       9.180943667306e-01       4.322767687209e+02 
       9.209108995383e-01       4.310556920294e+02 
       9.237274323664e-01       4.298409087382e+02 
       9.265439652148e-01       4.286321178405e+02 
       9.293604980832e-01       4.274290704599e+02 
       9.321770309716e-01       4.262320752279e+02 
       9.349935638796e-01       4.250412052269e+02 
       9.378100968071e-01       4.238567151283e+02 
       9.406266297540e-01       4.226786617446e+02 
       9.434431627201e-01       4.215068752406e+02 
       9.462596957052e-01       4.203410776083e+02 
       9.490762287091e-01       4.191807657129e+02 
       9.518927617317e-01       4.180258942113e+02 
       9.547092947728e-01       4.168763084128e+02 
       9.575258278322e-01       4.157322661657e+02 
       9.603423609098e-01       4.145939679042e+02 
       9.631588940055e-01       4.134614566004e+02 
       9.659754271189e-01       4.123347236535e+02 
       9.687919602501e-01       4.112135617135e+02 
       9.716084933989e-01       4.100978298776e+02 
       9.744250265650e-01       4.089871339821e+02 
       9.772415597484e-01       4.078816048581e+02 
       9.800580929489e-01       4.067811978905e+02 
       9.828746261663e-01       4.056861868754e+02 
       9.856911594005e-01       4.045963661135e+02 
       9.885076926514e-01       4.035117691502e+02 
       9.913242259188e-01       4.024321368347e+02 
       9.941407592026e-01       4.013572442288e+02 
       9.969572925026e-01       4.002870650912e+02 
       9.997738258188e-01       3.992217246509e+02 
       1.002590359151e+00       3.981613854455e+02 
       1.005406892499e+00       3.971062127428e+02 
       1.008223425862e+00       3.960561023837e+02 
       1.011039959242e+00       3.950109571766e+02 
       1.013856492636e+00       3.939703848689e+02 
       1.016673026046e+00       3.929341807020e+02 
       1.019489559471e+00       3.919022444373e+02 
       1.022306092911e+00       3.908746318384e+02 
       1.025122626367e+00       3.898515195976e+02 
       1.027939159837e+00       3.888330873031e+02 
       1.030755693321e+00       3.878193788866e+02 
       1.033572226820e+00       3.868102587252e+02 
       1.036388760334e+00       3.858055240480e+02 
       1.039205293862e+00       3.848049594992e+02 
       1.042021827404e+00       3.838085570944e+02 
       1.044838360960e+00       3.828163755968e+02 
       1.047654894531e+00       3.818285393498e+02 
       1.050471428115e+00       3.808451150017e+02 
       1.053287961713e+00       3.798660237952e+02 
       1.056104495324e+00       3.788910777961e+02 
       1.058921028949e+00       3.779200567995e+02 
       1.061737562588e+00       3.769528406093e+02 
       1.064554096240e+00       3.759893720145e+02 
       1.067370629905e+00       3.750297625771e+02 
       1.070187163583e+00       3.740742511226e+02 
       1.073003697274e+00       3.731229507927e+02 
       1.075820230978e+00       3.721757878682e+02 
       1.078636764695e+00       3.712326450056e+02 
       1.081453298425e+00       3.702932755333e+02 
       1.084269832167e+00       3.693575985872e+02 
       1.087086365922e+00       3.684255124619e+02 
       1.089902899689e+00       3.674970747514e+02 
       1.092719433468e+00       3.665724877612e+02 
       1.095535967260e+00       3.656517953478e+02 
       1.098352501064e+00       3.647348798238e+02 
       1.101169034880e+00       3.638216423285e+02 
       1.103985568707e+00       3.629117942954e+02 
       1.106802102547e+00       3.620052423880e+02 
       1.109618636399e+00       3.611021607065e+02 
       1.112435170262e+00       3.602024740533e+02 
       1.115251704136e+00       3.593064726332e+02 
       1.118068238023e+00       3.584142338601e+02 
       1.120884771920e+00       3.575256117923e+02 
       1.123701305829e+00       3.566405234415e+02 
       1.126517839749e+00       3.557587149096e+02 
       1.129334373681e+00       3.548801665961e+02 
       1.132150907623e+00       3.540048016985e+02 
       1.134967441576e+00       3.531328247455e+02 
       1.137783975541e+00       3.522641710927e+02 
       1.140600509516e+00       3.513990486835e+02 
       1.143417043502e+00       3.505373098201e+02 
       1.146233577498e+00       3.496787362568e+02 
       1.149050111505e+00       3.488232561215e+02 
       1.151866645523e+00       3.479707183649e+02 
       1.154683179551e+00       3.471212028397e+02 
       1.157499713589e+00       3.462748702234e+02 
       1.160316247638e+00       3.454317010991e+02 
       1.163132781697e+00       3.445919242168e+02 
       1.165949315766e+00       3.437553360785e+02 
       1.168765849845e+00       3.429217914023e+02 
       1.171582383934e+00       3.420912192971e+02 
       1.174398918033e+00       3.412635257442e+02 
       1.177215452142e+00       3.404386986961e+02 
       1.180031986261e+00       3.396169289993e+02 
       1.182848520389e+00       3.387983271558e+02 
       1.185665054527e+00       3.379828464259e+02 
       1.188481588674e+00       3.371704340905e+02 
       1.191298122831e+00       3.363608457867e+02 
       1.194114656998e+00       3.355540280901e+02 
       1.196931191174e+00       3.347498832670e+02 
       1.199747725359e+00       3.339485206270e+02 
       1.202564259553e+00       3.331499693929e+02 
       1.205380793757e+00       3.323543191093e+02 
       1.208197327969e+00       3.315616648251e+02 
       1.211013862191e+00       3.307718530672e+02 
       1.213830396422e+00       3.299847077477e+02 
       1.216646930661e+00       3.292002448467e+02 
       1.219463464910e+00       3.284183034175e+02 
       1.222279999167e+00       3.276390000080e+02 
       1.225096533433e+00       3.268624761714e+02 
       1.227913067707e+00       3.260887753863e+02 
       1.230729601991e+00       3.253179054871e+02 
       1.233546136282e+00       3.245497887492e+02 
       1.236362670583e+00       3.237842729233e+02 
       1.239179204891e+00       3.230212544295e+02 
       1.241995739208e+00       3.222607477039e+02 
       1.244812273534e+00       3.215027075512e+02 
       1.247628807867e+00       3.207473614069e+02 
       1.250445342209e+00       3.199947425479e+02 
       1.253261876559e+00       3.192446883328e+02 
       1.256078410917e+00       3.184972961946e+02 
       1.258894945284e+00       3.177523881719e+02 
       1.261711479658e+00       3.170097680909e+02 
       1.264528014040e+00       3.162695069830e+02 
       1.267344548430e+00       3.155316601691e+02 
       1.270161082827e+00       3.147962932827e+02 
       1.272977617233e+00       3.140635719271e+02 
       1.275794151646e+00       3.133333431783e+02 
       1.278610686067e+00       3.126055755269e+02 
       1.281427220496e+00       3.118801336092e+02 
       1.284243754932e+00       3.111569692967e+02 
       1.287060289376e+00       3.104359682870e+02 
       1.289876823827e+00       3.097174235617e+02 
       1.292693358286e+00       3.090012534224e+02 
       1.295509892752e+00       3.082875500226e+02 
       1.298326427225e+00       3.075762745233e+02 
       1.301142961706e+00       3.068673720300e+02 
       1.303959496193e+00       3.061606866768e+02 
       1.306776030688e+00       3.054561651408e+02 
       1.309592565191e+00       3.047538527179e+02 
       1.312409099700e+00       3.040537492028e+02 
       1.315225634216e+00       3.033560576469e+02 
       1.318042168740e+00       3.026607481241e+02 
       1.320858703270e+00       3.019677370832e+02 
       1.323675237807e+00       3.012769309595e+02 
       1.326491772351e+00       3.005883193923e+02 
       1.329308306902e+00       2.999017386078e+02 
       1.332124841460e+00       2.992172550101e+02 
       1.334941376024e+00       2.985349258335e+02 
       1.337757910595e+00       2.978548584456e+02 
       1.340574445173e+00       2.971771073771e+02 
       1.343390979757e+00       2.965015710935e+02 
       1.346207514348e+00       2.958281351833e+02 
       1.349024048946e+00       2.951567223931e+02 
       1.351840583550e+00       2.944873038830e+02 
       1.354657118160e+00       2.938199049016e+02 
       1.357473652777e+00       2.931545944051e+02 
       1.360290187401e+00       2.924914704668e+02 
       1.363106722030e+00       2.918304790960e+02 
       1.365923256666e+00       2.911716654525e+02 
       1.368739791308e+00       2.905148372969e+02 
       1.371556325956e+00       2.898600096353e+02 
       1.374372860611e+00       2.892070705852e+02 
       1.377189395272e+00       2.885560835240e+02 
       1.380005929938e+00       2.879071169874e+02 
       1.382822464611e+00       2.872602353478e+02 
       1.385638999290e+00       2.866154316168e+02 
       1.388455533975e+00       2.859727490358e+02 
       1.391272068666e+00       2.853320028322e+02 
       1.394088603362e+00       2.846931033238e+02 
       1.396905138065e+00       2.840560249202e+02 
       1.399721672773e+00       2.834208654093e+02 
       1.402538207488e+00       2.827876761462e+02 
       1.405354742208e+00       2.821565261997e+02 
       1.408171276933e+00       2.815273595782e+02 
       1.410987811665e+00       2.809001607132e+02 
       1.413804346402e+00       2.802748710057e+02 
       1.416620881145e+00       2.796513855224e+02 
       1.419437415893e+00       2.790296550656e+02 
       1.422253950647e+00       2.784097693909e+02 
       1.425070485406e+00       2.777917990681e+02 
       1.427887020171e+00       2.771758182914e+02 
       1.430703554942e+00       2.765617528055e+02 
       1.433520089718e+00       2.759495682841e+02 
       1.436336624499e+00       2.753391990427e+02 
       1.439153159286e+00       2.747305488982e+02 
       1.441969694078e+00       2.741236217226e+02 
       1.444786228875e+00       2.735184702269e+02 
       1.447602763678e+00       2.729151919747e+02 
       1.450419298486e+00       2.723138686978e+02 
       1.453235833299e+00       2.717143266905e+02 
       1.456052368117e+00       2.711165773218e+02 
       1.458868902941e+00       2.705206052979e+02 
       1.461685437769e+00       2.699263174111e+02 
       1.464501972603e+00       2.693336541369e+02 
       1.467318507442e+00       2.687427368083e+02 
       1.470135042286e+00       2.681536279592e+02 
       1.472951577134e+00       2.675663425130e+02 
       1.475768111988e+00       2.669808553900e+02 
       1.478584646847e+00       2.663970818124e+02 
       1.481401181711e+00       2.658149872014e+02 
       1.484217716579e+00       2.652345072120e+02 
       1.487034251453e+00       2.646557002103e+02 
       1.489850786331e+00       2.640785797092e+02 
       1.492667321214e+00       2.635031224578e+02 
       1.495483856102e+00       2.629295174337e+02 
       1.498300390995e+00       2.623576167656e+02 
       1.501116925892e+00       2.617873755602e+02 
       1.503933460794e+00       2.612187561521e+02 
       1.506749995701e+00       2.606517069306e+02 
       1.509566530613e+00       2.600861979096e+02 
       1.512383065529e+00       2.595223469140e+02 
       1.515199600450e+00       2.589601682213e+02 
       1.518016135375e+00       2.583997409715e+02 
       1.520832670305e+00       2.578409533405e+02 
       1.523649205239e+00       2.572838502998e+02 
       1.526465740178e+00       2.567282112841e+02 
       1.529282275121e+00       2.561741421529e+02 
       1.532098810069e+00       2.556215934237e+02 
       1.534915345022e+00       2.550705863732e+02 
       1.537731879978e+00       2.545213092424e+02 
       1.540548414939e+00       2.539736475152e+02 
       1.543364949905e+00       2.534275378940e+02 
       1.546181484874e+00       2.528831069636e+02 
       1.548998019848e+00       2.523401184849e+02 
       1.551814554827e+00       2.517986366830e+02 
       1.554631089809e+00       2.512585768996e+02 
       1.557447624796e+00       2.507201625661e+02 
       1.560264159787e+00       2.501833295491e+02 
       1.563080694782e+00       2.496480759977e+02 
       1.565897229782e+00       2.491143325619e+02 
       1.568713764785e+00       2.485821350781e+02 
       1.571530299793e+00       2.480514310583e+02 
       1.574346834805e+00       2.475221136099e+02 
       1.577163369821e+00       2.469942694615e+02 
       1.579979904841e+00       2.464679504378e+02 
       1.582796439865e+00       2.459431353152e+02 
       1.585612974893e+00       2.454199555335e+02 
       1.588429509925e+00       2.448982648502e+02 
       1.591246044961e+00       2.443779601021e+02 
       1.594062580001e+00       2.438591163458e+02 
       1.596879115044e+00       2.433416110784e+02 
       1.599695650092e+00       2.428256409638e+02 
       1.602512185144e+00       2.423110938005e+02 
       1.605328720199e+00       2.417979685724e+02 
       1.608145255259e+00       2.412864945821e+02 
       1.610961790322e+00       2.407763882459e+02 
       1.613778325389e+00       2.402677143190e+02 
       1.616594860460e+00       2.397603653752e+02 
       1.619411395534e+00       2.392543799047e+02 
       1.622227930613e+00       2.387499296825e+02 
       1.625044465695e+00       2.382467605293e+02 
       1.627861000781e+00       2.377451332299e+02 
       1.630677535870e+00       2.372449120642e+02 
       1.633494070963e+00       2.367461291120e+02 
       1.636310606060e+00       2.362486807457e+02 
       1.639127141160e+00       2.357526302131e+02 
       1.641943676264e+00       2.352578159303e+02 
       1.644760211372e+00       2.347644235532e+02 
       1.647576746483e+00       2.342724046380e+02 
       1.650393281598e+00       2.337818289009e+02 
       1.653209816716e+00       2.332926351741e+02 
       1.656026351838e+00       2.328048006471e+02 
       1.658842886964e+00       2.323183376159e+02 
       1.661659422092e+00       2.318331515496e+02 
       1.664475957225e+00       2.313492224752e+02 
       1.667292492361e+00       2.308666108171e+02 
       1.670109027500e+00       2.303853835531e+02 
       1.672925562642e+00       2.299055678241e+02 
       1.675742097788e+00       2.294271682631e+02 
       1.678558632938e+00       2.289499763590e+02 
       1.681375168091e+00       2.284741034321e+02 
       1.684191703247e+00       2.279995516539e+02 
       1.687008238406e+00       2.275261928914e+02 
       1.689824773569e+00       2.270541289281e+02 
       1.692641308735e+00       2.265834034043e+02 
       1.695457843905e+00       2.261140267133e+02 
       1.698274379077e+00       2.256460345188e+02 
       1.701090914253e+00       2.251793281761e+02 
       1.703907449432e+00       2.247137855951e+02 
       1.706723984615e+00       2.242494864035e+02 
       1.709540519800e+00       2.237863955216e+02 
       1.712357054989e+00       2.233246295628e+02 
       1.715173590181e+00       2.228641584375e+02 
       1.717990125376e+00       2.224049886328e+02 
       1.720806660574e+00       2.219470926562e+02 
       1.723623195775e+00       2.214903764508e+02 
       1.726439730980e+00       2.210349896238e+02 
       1.729256266187e+00       2.205806924513e+02 
       1.732072801398e+00       2.201276765618e+02 
       1.734889336612e+00       2.196758349346e+02 
       1.737705871828e+00       2.192253132110e+02 
       1.740522407048e+00       2.187760413203e+02 
       1.743338942271e+00       2.183280016107e+02 
       1.746155477497e+00       2.178812416000e+02 
       1.748972012726e+00       2.174355735608e+02 
       1.751788547957e+00       2.169911024933e+02 
       1.754605083192e+00       2.165477574700e+02 
       1.757421618430e+00       2.161056617933e+02 
       1.760238153670e+00       2.156648021972e+02 
       1.763054688914e+00       2.152251916708e+02 
       1.765871224160e+00       2.147867609040e+02 
       1.768687759410e+00       2.143495291929e+02 
       1.771504294662e+00       2.139134591500e+02 
       1.774320829917e+00       2.134784841383e+02 
       1.777137365175e+00       2.130446227536e+02 
       1.779953900436e+00       2.126120155829e+02 
       1.782770435699e+00       2.121806006470e+02 
       1.785586970966e+00       2.117503312935e+02 
       1.788403506235e+00       2.113212850976e+02 
       1.791220041507e+00       2.108934067256e+02 
       1.794036576781e+00       2.104666322390e+02 
       1.796853112059e+00       2.100409073383e+02 
       1.799669647339e+00       2.096163364209e+02 
       1.802486182622e+00       2.091929595660e+02 
       1.805302717908e+00       2.087707213523e+02 
       1.808119253196e+00       2.083496714332e+02 
       1.810935788487e+00       2.079297582401e+02 
       1.813752323781e+00       2.075109613050e+02 
       1.816568859078e+00       2.070932284842e+02 
       1.819385394377e+00       2.066765378641e+02 
       1.822201929679e+00       2.062609807330e+02 
       1.825018464983e+00       2.058465225040e+02 
       1.827835000290e+00       2.054332699534e+02 
       1.830651535600e+00       2.050211296101e+02 
       1.833468070912e+00       2.046100927154e+02 
       1.836284606227e+00       2.042001184318e+02 
       1.839101141544e+00       2.037912255144e+02 
       1.841917676864e+00       2.033833681461e+02 
       1.844734212186e+00       2.029765763915e+02 
       1.847550747511e+00       2.025709191972e+02 
       1.850367282839e+00       2.021663530759e+02 
       1.853183818169e+00       2.017630098583e+02 
       1.856000353501e+00       2.013606191891e+02 
       1.858816888836e+00       2.009593620736e+02 
       1.861633424174e+00       2.005590874797e+02 
       2.343657521127e+00       1.453096055420e+02 
       2.950490009842e+00       1.018386085394e+02 
       3.714446850635e+00       6.957353932149e+01 
       4.676211531024e+00       4.657907562582e+01 
       5.887001527331e+00       3.065315014459e+01 
       7.411295822028e+00       1.986525117077e+01 
       9.330268644675e+00       1.268380151575e+01 
       1.174611229565e+01       7.984658246988e+00 
       1.478747925878e+01       4.957695621906e+00 
       1.861633341526e+01       3.037751356672e+00 
       2.343657521090e+01       1.837747285028e+00 
       2.950490009842e+01       1.098060977335e+00 
       3.714446850635e+01       6.487322439392e-01 
       4.676211531024e+01       3.789727081139e-01 
       5.887001527331e+01       2.191767082128e-01 
       7.411295822028e+01       1.256201912159e-01 
       9.330268644675e+01       7.133364219238e-02 
       1.174611229565e+02       4.020865021683e-02 
       1.478747925878e+02       2.249177756511e-02 
