# Matter power spectrum P(k) at redshift z=0
# for k=9.1423e-06 to 147.875 h/Mpc,
# number of wavenumbers equal to 1050
#    1:k (h/Mpc)              2:P (Mpc/h)^3        
       9.142301902038e-06       5.499932597674e+01 
       2.042836597042e-05       1.218825734951e+02 
       3.174488752173e-05       1.885412723782e+02 
       4.311522865390e-05       2.552619458699e+02 
       5.456304853649e-05       3.222471318229e+02 
       6.611246550713e-05       3.896724628463e+02 
       7.778822318636e-05       4.577031722684e+02 
       8.961586233824e-05       5.265012066394e+02 
       1.016219002179e-04       5.962291578582e+02 
       1.138340191660e-04       6.670528858913e+02 
       1.262812662254e-04       7.391435414860e+02 
       1.389942655637e-04       8.126793034228e+02 
       1.520054454676e-04       8.878469872614e+02 
       1.653492816298e-04       9.648436116008e+02 
       1.790625583411e-04       1.043877972526e+03 
       1.931846490226e-04       1.125172257371e+03 
       2.077578172346e-04       1.208963716665e+03 
       2.228275388594e-04       1.295506404053e+03 
       2.384428455003e-04       1.385072985912e+03 
       2.546566882281e-04       1.477956613971e+03 
       2.715263195374e-04       1.574472844471e+03 
       2.891136896784e-04       1.674961575521e+03 
       3.074858512794e-04       1.779788959453e+03 
       3.267153632765e-04       1.889349228598e+03 
       3.468806814870e-04       2.004066350192e+03 
       3.680665186256e-04       2.124395398801e+03 
       3.903641511005e-04       2.250823502462e+03 
       4.138716435752e-04       2.383870182259e+03 
       4.386939552177e-04       2.524086865573e+03 
       4.649428841519e-04       2.672055313555e+03 
       4.927367995586e-04       2.828384667892e+03 
       5.222001051978e-04       2.993706797562e+03 
       5.534623753241e-04       3.168669622118e+03 
       5.866571059730e-04       3.353928115858e+03 
       6.219200336200e-04       3.550132769783e+03 
       6.593869915032e-04       3.757915417923e+03 
       6.991913031280e-04       3.977872529399e+03 
       7.414607530734e-04       4.210546326985e+03 
       7.863142254615e-04       4.456404402595e+03 
       8.338581557634e-04       4.715818828240e+03 
       8.841829943470e-04       4.989046057831e+03 
       9.373599203089e-04       5.276209118569e+03 
       9.934380610870e-04       5.577283637985e+03 
       1.052442458731e-03       5.892089098440e+03 
       1.114372974288e-03       6.220286344238e+03 
       1.179204241559e-03       6.561381822494e+03 
       1.246886681911e-03       6.914738396686e+03 
       1.317348489320e-03       7.279591938214e+03 
       1.390498406856e-03       7.655072383747e+03 
       1.466229056198e-03       8.040227624917e+03 
       1.544420557523e-03       8.434048506265e+03 
       1.624944187283e-03       8.835493332109e+03 
       1.707665858822e-03       9.243510569285e+03 
       1.792449264561e-03       9.657058808145e+03 
       1.879158577464e-03       1.007512343712e+04 
       1.967660664612e-03       1.049672984077e+04 
       2.057826811067e-03       1.092095321387e+04 
       2.149533985243e-03       1.134692528180e+04 
       2.242665697758e-03       1.177383833452e+04 
       2.337112516074e-03       1.220094703085e+04 
       2.432772299396e-03       1.262756842912e+04 
       2.529550215073e-03       1.305308066670e+04 
       2.627358591245e-03       1.347692065889e+04 
       2.726116652414e-03       1.389858112834e+04 
       2.825750176298e-03       1.431760721662e+04 
       2.926191102443e-03       1.473359287502e+04 
       3.027377116072e-03       1.514617718374e+04 
       3.129251224687e-03       1.555504070869e+04 
       3.231761340098e-03       1.595990197255e+04 
       3.334859874634e-03       1.636051409149e+04 
       3.438503357277e-03       1.675666160881e+04 
       3.542652073199e-03       1.714815754261e+04 
       3.647269728439e-03       1.753484065343e+04 
       3.752323140264e-03       1.791657293033e+04 
       3.857781952900e-03       1.829323728882e+04 
       3.963618377711e-03       1.866473547037e+04 
       4.069806956582e-03       1.903098613140e+04 
       4.176324346991e-03       1.939192310868e+04 
       4.283149127218e-03       1.974749384736e+04 
       4.390261620052e-03       2.009765797856e+04 
       4.497643733425e-03       2.044238603325e+04 
       4.605278816460e-03       2.078165828041e+04 
       4.713151529487e-03       2.111546367791e+04 
       4.821247726712e-03       2.144379892539e+04 
       4.929554350285e-03       2.176666760956e+04 
       5.038059334664e-03       2.208407943274e+04 
       5.146751520224e-03       2.239604951672e+04 
       5.255620575196e-03       2.270259777445e+04 
       5.364656925092e-03       2.300374834296e+04 
       5.473851688853e-03       2.329952907143e+04 
       5.583196621035e-03       2.358997105912e+04 
       5.692684059437e-03       2.387510823815e+04 
       5.802306877601e-03       2.415497699688e+04 
       5.912058441713e-03       2.442961583992e+04 
       6.021932571446e-03       2.469906508125e+04 
       6.131923504366e-03       2.496336656730e+04 
       6.242025863534e-03       2.522256342711e+04 
       6.352234628010e-03       2.547669984709e+04 
       6.462545105948e-03       2.572582086811e+04 
       6.572952910051e-03       2.596997220273e+04 
       6.683453935152e-03       2.620920007089e+04 
       6.794044337716e-03       2.644355105234e+04 
       6.904720517079e-03       2.667307195424e+04 
       7.015479098275e-03       2.689780969277e+04 
       7.126316916277e-03       2.711781118736e+04 
       7.237231001548e-03       2.733312326650e+04 
       7.348218566769e-03       2.754379258428e+04 
       7.459276994633e-03       2.774986554651e+04 
       7.570403826622e-03       2.795138824593e+04 
       7.681596752669e-03       2.814840640546e+04 
       7.792853601634e-03       2.834096532913e+04 
       7.904172332519e-03       2.852910985985e+04 
       8.015551026358e-03       2.871288434365e+04 
       8.126987878725e-03       2.889233259980e+04 
       8.238481192813e-03       2.906749789632e+04 
       8.350029373024e-03       2.923842293066e+04 
       8.461630919043e-03       2.940514981493e+04 
       8.573284420341e-03       2.956772006548e+04 
       8.684988551082e-03       2.972617459646e+04 
       8.796742065404e-03       2.988055371714e+04 
       8.908543793029e-03       3.003089713256e+04 
       9.020392635194e-03       3.017724394743e+04 
       9.132287560868e-03       3.031963267292e+04 
       9.244227603231e-03       3.045810123620e+04 
       9.356211856406e-03       3.059268699247e+04 
       9.468239472414e-03       3.072342673926e+04 
       9.580309658337e-03       3.085035673295e+04 
       9.692421673679e-03       3.097351270716e+04 
       9.804574827907e-03       3.109292989297e+04 
       9.916768478159e-03       3.120864304072e+04 
       1.002900202710e-02       3.132068644330e+04 
       1.014127492095e-02       3.142909396079e+04 
       1.025358664760e-02       3.153389904623e+04 
       1.036593673488e-02       3.163513477242e+04 
       1.047832474897e-02       3.173283385967e+04 
       1.059075029286e-02       3.182702870426e+04 
       1.070321300496e-02       3.191775140757e+04 
       1.081571255778e-02       3.200503380570e+04 
       1.092824865671e-02       3.208890749948e+04 
       1.104082103886e-02       3.216940388474e+04 
       1.115342947205e-02       3.224655418271e+04 
       1.126607375373e-02       3.232038947047e+04 
       1.137875371015e-02       3.239094071123e+04 
       1.149146919543e-02       3.245823878450e+04 
       1.160422009082e-02       3.252231451586e+04 
       1.171700630389e-02       3.258319870632e+04 
       1.182982776790e-02       3.264092216116e+04 
       1.194268444115e-02       3.269551571810e+04 
       1.205557630635e-02       3.274701027475e+04 
       1.216850337014e-02       3.279543681517e+04 
       1.228146566253e-02       3.284082643555e+04 
       1.239446323645e-02       3.288321036883e+04 
       1.250749616736e-02       3.292262000818e+04 
       1.262056455281e-02       3.295908692936e+04 
       1.273366851212e-02       3.299264291170e+04 
       1.284680818605e-02       3.302331995782e+04 
       1.295998373653e-02       3.305115031188e+04 
       1.307319534634e-02       3.307616647636e+04 
       1.318644321896e-02       3.309840122729e+04 
       1.329972757831e-02       3.311788762794e+04 
       1.341304866858e-02       3.313465904084e+04 
       1.352640675410e-02       3.314874913810e+04 
       1.363980211921e-02       3.316019191009e+04 
       1.375323506810e-02       3.316902167233e+04 
       1.386670592483e-02       3.317527307071e+04 
       1.398021503316e-02       3.317898108486e+04 
       1.409376275660e-02       3.318018102979e+04 
       1.420734947833e-02       3.317890855584e+04 
       1.432097560123e-02       3.317519964676e+04 
       1.443464154790e-02       3.316909061613e+04 
       1.454834776069e-02       3.316061810207e+04 
       1.466209470175e-02       3.314981906020e+04 
       1.477588285314e-02       3.313673075506e+04 
       1.488971271689e-02       3.312139074981e+04 
       1.500358481509e-02       3.310383689447e+04 
       1.511749969009e-02       3.308410731260e+04 
       1.523145790458e-02       3.306224038656e+04 
       1.534546004177e-02       3.303827474140e+04 
       1.545950670556e-02       3.301224922741e+04 
       1.557359852077e-02       3.298420290149e+04 
       1.568773613330e-02       3.295417500729e+04 
       1.580192021036e-02       3.292220495438e+04 
       1.591615144076e-02       3.288833229630e+04 
       1.603043053512e-02       3.285259670783e+04 
       1.614475822615e-02       3.281503796137e+04 
       1.625913526894e-02       3.277569590261e+04 
       1.637356244130e-02       3.273461042560e+04 
       1.648804054401e-02       3.269182144726e+04 
       1.660257040124e-02       3.264736888145e+04 
       1.671715286081e-02       3.260129261268e+04 
       1.683178879467e-02       3.255363246958e+04 
       1.694647909916e-02       3.250442819818e+04 
       1.706122469554e-02       3.245371943517e+04 
       1.717602653029e-02       3.240154568109e+04 
       1.729088557565e-02       3.234794627366e+04 
       1.740580282999e-02       3.229296036131e+04 
       1.752077931833e-02       3.223662687697e+04 
       1.763581609284e-02       3.217898451214e+04 
       1.775091423327e-02       3.212007169144e+04 
       1.786607484759e-02       3.205992654764e+04 
       1.798129907241e-02       3.199858689719e+04 
       1.809658807367e-02       3.193609021641e+04 
       1.821194304711e-02       3.187247361835e+04 
       1.832736521894e-02       3.180777383034e+04 
       1.844285584646e-02       3.174202717234e+04 
       1.855841621868e-02       3.167526953613e+04 
       1.867404765700e-02       3.160753636529e+04 
       1.878975151591e-02       3.153886263617e+04 
       1.890552918366e-02       3.146928283967e+04 
       1.902138208306e-02       3.139883096409e+04 
       1.913731167218e-02       3.132754047889e+04 
       1.925331944516e-02       3.125544431942e+04 
       1.936940693303e-02       3.118257487273e+04 
       1.948557570450e-02       3.110896396432e+04 
       1.960182736688e-02       3.103464284596e+04 
       1.971816356692e-02       3.095964218449e+04 
       1.983458599175e-02       3.088399205169e+04 
       1.995109636982e-02       3.080772191513e+04 
       2.006769647190e-02       3.073086063000e+04 
       2.018438811204e-02       3.065343643200e+04 
       2.030117314864e-02       3.057547693114e+04 
       2.041805348555e-02       3.049700910656e+04 
       2.053503107310e-02       3.041805930221e+04 
       2.065210790932e-02       3.033865322354e+04 
       2.076928604110e-02       3.025881593501e+04 
       2.088656756536e-02       3.017857185850e+04 
       2.100395463038e-02       3.009794477252e+04 
       2.112144943704e-02       3.001695781231e+04 
       2.123905424017e-02       2.993563347061e+04 
       2.135677134997e-02       2.985399359925e+04 
       2.147460313338e-02       2.977205941141e+04 
       2.159255201561e-02       2.968985148458e+04 
       2.171062048161e-02       2.960738976418e+04 
       2.182881107768e-02       2.952469356772e+04 
       2.194712641310e-02       2.944178158963e+04 
       2.206556916176e-02       2.935867190653e+04 
       2.218414206396e-02       2.927538198310e+04 
       2.230284792814e-02       2.919192867832e+04 
       2.242168963278e-02       2.910832825224e+04 
       2.254067012831e-02       2.902459637309e+04 
       2.265979243906e-02       2.894074812476e+04 
       2.277905966536e-02       2.885679801465e+04 
       2.289847498562e-02       2.877275998179e+04 
       2.301804165853e-02       2.868864740521e+04 
       2.313776302535e-02       2.860447311264e+04 
       2.325764251225e-02       2.852024938929e+04 
       2.337768363273e-02       2.843598798691e+04 
       2.349788999016e-02       2.835170013296e+04 
       2.361826528040e-02       2.826739653989e+04 
       2.373881329446e-02       2.818308741459e+04 
       2.385953792133e-02       2.809878246780e+04 
       2.398044315090e-02       2.801449092364e+04 
       2.410153307694e-02       2.793022152918e+04 
       2.422281190023e-02       2.784598256397e+04 
       2.434428393182e-02       2.776178184953e+04 
       2.446595359636e-02       2.767762675890e+04 
       2.458782543558e-02       2.759352422601e+04 
       2.470990411197e-02       2.750948075504e+04 
       2.483219441246e-02       2.742550242968e+04 
       2.495470125236e-02       2.734159492230e+04 
       2.507742967943e-02       2.725776350289e+04 
       2.520038487806e-02       2.717401304801e+04 
       2.532357217365e-02       2.709034804946e+04 
       2.544699703721e-02       2.700677262285e+04 
       2.557066509004e-02       2.692329051594e+04 
       2.569458210868e-02       2.683990511684e+04 
       2.581875403005e-02       2.675661946198e+04 
       2.594318695678e-02       2.667343624382e+04 
       2.606788716274e-02       2.659035781843e+04 
       2.619286109890e-02       2.650738621277e+04 
       2.631811539930e-02       2.642452313172e+04 
       2.644365688737e-02       2.634176996491e+04 
       2.656949258250e-02       2.625912779324e+04 
       2.669562970688e-02       2.617659739518e+04 
       2.682207569261e-02       2.609417925276e+04 
       2.694883818922e-02       2.601187355728e+04 
       2.707592507139e-02       2.592968021476e+04 
       2.720334444715e-02       2.584759885110e+04 
       2.733110466633e-02       2.576562881686e+04 
       2.745921432949e-02       2.568376919186e+04 
       2.758768229717e-02       2.560201878938e+04 
       2.771651769967e-02       2.552037616001e+04 
       2.784572994721e-02       2.543883959532e+04 
       2.797532874062e-02       2.535740713102e+04 
       2.810532408246e-02       2.527607654989e+04 
       2.823572628878e-02       2.519484538436e+04 
       2.836654600141e-02       2.511371091864e+04 
       2.849779420081e-02       2.503267019066e+04 
       2.862948221961e-02       2.495171999344e+04 
       2.876162175681e-02       2.487085687624e+04 
       2.889422489271e-02       2.479007714521e+04 
       2.902730410456e-02       2.470937686374e+04 
       2.916087228309e-02       2.462875185229e+04 
       2.929494274984e-02       2.454819768790e+04 
       2.942952927541e-02       2.446770970320e+04 
       2.956464609872e-02       2.438728298498e+04 
       2.970030794728e-02       2.430691237232e+04 
       2.983653005854e-02       2.422659245420e+04 
       2.997332820245e-02       2.414631756667e+04 
       3.011071870525e-02       2.406608178942e+04 
       3.024871847465e-02       2.398587894189e+04 
       3.038734502633e-02       2.390570257878e+04 
       3.052661651207e-02       2.382554598494e+04 
       3.066655174945e-02       2.374540216972e+04 
       3.080717025335e-02       2.366526386063e+04 
       3.094849226925e-02       2.358512349631e+04 
       3.109053880859e-02       2.350497321883e+04 
       3.123333168627e-02       2.342480486519e+04 
       3.137689356045e-02       2.334460995810e+04 
       3.152124797482e-02       2.326437969581e+04 
       3.166641940356e-02       2.318410494119e+04 
       3.181243329916e-02       2.310377620977e+04 
       3.195931614334e-02       2.302338365677e+04 
       3.210709550131e-02       2.294291706315e+04 
       3.225580007958e-02       2.286236582047e+04 
       3.240545978774e-02       2.278171891447e+04 
       3.255610580438e-02       2.270096490749e+04 
       3.270777064756e-02       2.262009191939e+04 
       3.286048825027e-02       2.253908760697e+04 
       3.301429404117e-02       2.245793914186e+04 
       3.316922503112e-02       2.237663318657e+04 
       3.332531990612e-02       2.229515586879e+04 
       3.348261912700e-02       2.221349275354e+04 
       3.364116503662e-02       2.213162881321e+04 
       3.380100197525e-02       2.204954839527e+04 
       3.396217640486e-02       2.196723518727e+04 
       3.412473704305e-02       2.188467217920e+04 
       3.428873500773e-02       2.180184162273e+04 
       3.445422397347e-02       2.171872498711e+04 
       3.462126034056e-02       2.163530291154e+04 
       3.478990341831e-02       2.155155515352e+04 
       3.496021562374e-02       2.146746053288e+04 
       3.513226269738e-02       2.138299687105e+04 
       3.530611393793e-02       2.129814092517e+04 
       3.548184245786e-02       2.121286831639e+04 
       3.565952546193e-02       2.112715345188e+04 
       3.583924455151e-02       2.104096943984e+04 
       3.602108605724e-02       2.095428799685e+04 
       3.620514140343e-02       2.086707934656e+04 
       3.639150750778e-02       2.077931210901e+04 
       3.658028722053e-02       2.069095317932e+04 
       3.677158980783e-02       2.060196759468e+04 
       3.696553148464e-02       2.051231838824e+04 
       3.716223600330e-02       2.042196642830e+04 
       3.736183530482e-02       2.033087024119e+04 
       3.756447024092e-02       2.023898581562e+04 
       3.777029137619e-02       2.014626638640e+04 
       3.797945988100e-02       2.005266219477e+04 
       3.819214852768e-02       1.995812022236e+04 
       3.840854280422e-02       1.986258389524e+04 
       3.862884216247e-02       1.976599275407e+04 
       3.885326142018e-02       1.966828208568e+04 
       3.908203234004e-02       1.956938251056e+04 
       3.931540541240e-02       1.946921952002e+04 
       3.955365187363e-02       1.936771295558e+04 
       3.979706599746e-02       1.926477642191e+04 
       4.004596770395e-02       1.916031662322e+04 
       4.030070553905e-02       1.905423261089e+04 
       4.056166008822e-02       1.894641492846e+04 
       4.082924790010e-02       1.883674463683e+04 
       4.110392601194e-02       1.872509219986e+04 
       4.138619718772e-02       1.861131620639e+04 
       4.167661600346e-02       1.849526190005e+04 
       4.197579594424e-02       1.837675948260e+04 
       4.228441771406e-02       1.825562214935e+04 
       4.260323900618e-02       1.813164380679e+04 
       4.293310604007e-02       1.800459641198e+04 
       4.327496724488e-02       1.787422686045e+04 
       4.362988956264e-02       1.774025333367e+04 
       4.399907796400e-02       1.760236099808e+04 
       4.438389892014e-02       1.746019692465e+04 
       4.478590876842e-02       1.731336407037e+04 
       4.520688815505e-02       1.716141413109e+04 
       4.564888405036e-02       1.700383903860e+04 
       4.611426122503e-02       1.684006083626e+04 
       4.660576556318e-02       1.666941963117e+04 
       4.712660217591e-02       1.649115929690e+04 
       4.768053195728e-02       1.630441060963e+04 
       4.827199093337e-02       1.610817157989e+04 
       4.890623734290e-02       1.590128496500e+04 
       4.958953149782e-02       1.568241344208e+04 
       5.032935236083e-02       1.545001392142e+04 
       5.113465095559e-02       1.520231437796e+04 
       5.201613138512e-02       1.493730001767e+04 
       5.298653040459e-02       1.465272151317e+04 
       5.406082827785e-02       1.434614753656e+04 
       5.525625699353e-02       1.401509733694e+04 
       5.659187133660e-02       1.365730400387e+04 
       5.808733473876e-02       1.327116412630e+04 
       5.976053863449e-02       1.285639761894e+04 
       6.162393201301e-02       1.241483179111e+04 
       6.368022441642e-02       1.195102556316e+04 
       6.591927076992e-02       1.147228148708e+04 
       6.831837140742e-02       1.098772462459e+04 
       7.084668078955e-02       1.050667277868e+04 
       7.347169455168e-02       1.003705106657e+04 
       7.616463927640e-02       9.584527410809e+03 
       7.890304410401e-02       9.152474998960e+03 
       8.167084084864e-02       8.742428369028e+03 
       8.445720592514e-02       8.354660107087e+03 
       8.725512817425e-02       7.988671020792e+03 
       9.006017781535e-02       7.643537628481e+03 
       9.286959928654e-02       7.318134022515e+03 
       9.568169481647e-02       7.011264020488e+03 
       9.849542439788e-02       6.721735593825e+03 
       1.013101531060e-01       6.448400319810e+03 
       1.041254940331e-01       6.190172449990e+03 
       1.069412115928e-01       5.946036454190e+03 
       1.097571623359e-01       5.715048246230e+03 
       1.125732588501e-01       5.496333086344e+03 
       1.153894477870e-01       5.289081855033e+03 
       1.182056965034e-01       5.092546641653e+03 
       1.210219849452e-01       4.906036161658e+03 
       1.238383007192e-01       4.728911273312e+03 
       1.266546360984e-01       4.560580728212e+03 
       1.294709862049e-01       4.400497214275e+03 
       1.322873479042e-01       4.248153708603e+03 
       1.351037191336e-01       4.103080135786e+03 
       1.379200984934e-01       3.964840316299e+03 
       1.407364849975e-01       3.833029184725e+03 
       1.435528779211e-01       3.707270255960e+03 
       1.463692767075e-01       3.587213317723e+03 
       1.491856809102e-01       3.472532328727e+03 
       1.520020901579e-01       3.362923503344e+03 
       1.548185041315e-01       3.258103565161e+03 
       1.576349225504e-01       3.157808153442e+03 
       1.604513451633e-01       3.061790368005e+03 
       1.632677717421e-01       2.969819439450e+03 
       1.660842020777e-01       2.881679512944e+03 
       1.689006359771e-01       2.797168534956e+03 
       1.717170732615e-01       2.716097233384e+03 
       1.745335137645e-01       2.638288182467e+03 
       1.773499573308e-01       2.563574944717e+03 
       1.801664038150e-01       2.491801282892e+03 
       1.829828530812e-01       2.422820435703e+03 
       1.857993050018e-01       2.356494451549e+03 
       1.886157594568e-01       2.292693575163e+03 
       1.914322163335e-01       2.231295682500e+03 
       1.942486755257e-01       2.172185759687e+03 
       1.970651369336e-01       2.115255422207e+03 
       1.998816004626e-01       2.060402470893e+03 
       2.026980660239e-01       2.007530481591e+03 
       2.055145335332e-01       1.956548425665e+03 
       2.083310029111e-01       1.907370318770e+03 
       2.111474740822e-01       1.859914895545e+03 
       2.139639469754e-01       1.814105308112e+03 
       2.167804215229e-01       1.769868846431e+03 
       2.195968976609e-01       1.727136678751e+03 
       2.224133753284e-01       1.685843610560e+03 
       2.252298544678e-01       1.645927860541e+03 
       2.280463350241e-01       1.607330852227e+03 
       2.308628169453e-01       1.569997020102e+03 
       2.336793001816e-01       1.533873629051e+03 
       2.364957846857e-01       1.498910606117e+03 
       2.393122704128e-01       1.465060383647e+03 
       2.421287573198e-01       1.432277752948e+03 
       2.449452453658e-01       1.400519727676e+03 
       2.477617345118e-01       1.369745416240e+03 
       2.505782247204e-01       1.339915902547e+03 
       2.533947159560e-01       1.310994134476e+03 
       2.562112081846e-01       1.282944819537e+03 
       2.590277013736e-01       1.255734327181e+03 
       2.618441954919e-01       1.229330597293e+03 
       2.646606905096e-01       1.203703054436e+03 
       2.674771863981e-01       1.178822527424e+03 
       2.702936831301e-01       1.154661173881e+03 
       2.731101806794e-01       1.131192409411e+03 
       2.759266790208e-01       1.108390841082e+03 
       2.787431781302e-01       1.086232204924e+03 
       2.815596779845e-01       1.064693307170e+03 
       2.843761785613e-01       1.043751968987e+03 
       2.871926798393e-01       1.023386974469e+03 
       2.900091817980e-01       1.003578021672e+03 
       2.928256844176e-01       9.843056764937e+02 
       2.956421876793e-01       9.655513292123e+02 
       2.984586915647e-01       9.472971535121e+02 
       3.012751960562e-01       9.295260678369e+02 
       3.040917011369e-01       9.122216989219e+02 
       3.069082067905e-01       8.953683473676e+02 
       3.097247130014e-01       8.789509551263e+02 
       3.125412197544e-01       8.629550747828e+02 
       3.153577270349e-01       8.473668405170e+02 
       3.181742348288e-01       8.321729406469e+02 
       3.209907431225e-01       8.173605916536e+02 
       3.238072519031e-01       8.029175135990e+02 
       3.266237611577e-01       7.888319068537e+02 
       3.294402708743e-01       7.750924300544e+02 
       3.322567810409e-01       7.616881792193e+02 
       3.350732916463e-01       7.486086679533e+02 
       3.378898026794e-01       7.358438086783e+02 
       3.407063141295e-01       7.233838948291e+02 
       3.435228259863e-01       7.112195839599e+02 
       3.463393382400e-01       6.993418817080e+02 
       3.491558508807e-01       6.877421265661e+02 
       3.519723638993e-01       6.764119754182e+02 
       3.547888772867e-01       6.653433897949e+02 
       3.576053910340e-01       6.545286228084e+02 
       3.604219051330e-01       6.439602067295e+02 
       3.632384195753e-01       6.336309411710e+02 
       3.660549343529e-01       6.235338818438e+02 
       3.688714494583e-01       6.136623298560e+02 
       3.716879648838e-01       6.040098215228e+02 
       3.745044806223e-01       5.945701186627e+02 
       3.773209966667e-01       5.853371993519e+02 
       3.801375130102e-01       5.763052491133e+02 
       3.829540296462e-01       5.674686525175e+02 
       3.857705465682e-01       5.588219851725e+02 
       3.885870637700e-01       5.503600060845e+02 
       3.914035812456e-01       5.420776503680e+02 
       3.942200989890e-01       5.339700222882e+02 
       3.970366169945e-01       5.260323886188e+02 
       3.998531352566e-01       5.182601722994e+02 
       4.026696537698e-01       5.106489463761e+02 
       4.054861725290e-01       5.031944282118e+02 
       4.083026915289e-01       4.958924739536e+02 
       4.111192107647e-01       4.887390732423e+02 
       4.139357302316e-01       4.817303441540e+02 
       4.167522499247e-01       4.748625283616e+02 
       4.195687698396e-01       4.681319865052e+02 
       4.223852899717e-01       4.615351937616e+02 
       4.252018103168e-01       4.550687356031e+02 
       4.280183308707e-01       4.487293037368e+02 
       4.308348516291e-01       4.425136922149e+02 
       4.336513725882e-01       4.364187937092e+02 
       4.364678937441e-01       4.304415959408e+02 
       4.392844150929e-01       4.245791782582e+02 
       4.421009366309e-01       4.188287083567e+02 
       4.449174583545e-01       4.131874391334e+02 
       4.477339802603e-01       4.076527056696e+02 
       4.505505023448e-01       4.022219223371e+02 
       4.533670246046e-01       3.968925800200e+02 
       4.561835470365e-01       3.916622434503e+02 
       4.590000696373e-01       3.865285486478e+02 
       4.618165924039e-01       3.814892004640e+02 
       4.646331153334e-01       3.765419702214e+02 
       4.674496384227e-01       3.716846934474e+02 
       4.702661616689e-01       3.669152676954e+02 
       4.730826850693e-01       3.622316504521e+02 
       4.758992086211e-01       3.576318571254e+02 
       4.787157323216e-01       3.531139591094e+02 
       4.815322561682e-01       3.486760819249e+02 
       4.843487801584e-01       3.443164034293e+02 
       4.871653042896e-01       3.400331520960e+02 
       4.899818285594e-01       3.358246053579e+02 
       4.927983529655e-01       3.316890880133e+02 
       4.956148775054e-01       3.276249706916e+02 
       4.984314021770e-01       3.236306683764e+02 
       5.012479269780e-01       3.197046389824e+02 
       5.040644519062e-01       3.158453819858e+02 
       5.068809769595e-01       3.120514371044e+02 
       5.096975021359e-01       3.083213830256e+02 
       5.125140274332e-01       3.046538361813e+02 
       5.153305528495e-01       3.010474495668e+02 
       5.181470783829e-01       2.975009116016e+02 
       5.209636040314e-01       2.940129450320e+02 
       5.237801297932e-01       2.905823058721e+02 
       5.265966556664e-01       2.872077823825e+02 
       5.294131816493e-01       2.838881940850e+02 
       5.322297077402e-01       2.806223908123e+02 
       5.350462339373e-01       2.774092517905e+02 
       5.378627602389e-01       2.742476847534e+02 
       5.406792866435e-01       2.711366250880e+02 
       5.434958131493e-01       2.680750350092e+02 
       5.463123397549e-01       2.650619027626e+02 
       5.491288664587e-01       2.620962418548e+02 
       5.519453932592e-01       2.591770903102e+02 
       5.547619201548e-01       2.563035099520e+02 
       5.575784471443e-01       2.534745857084e+02 
       5.603949742261e-01       2.506894249414e+02 
       5.632115013989e-01       2.479471567988e+02 
       5.660280286613e-01       2.452469315866e+02 
       5.688445560119e-01       2.425879201632e+02 
       5.716610834495e-01       2.399693133534e+02 
       5.744776109728e-01       2.373903213808e+02 
       5.772941385805e-01       2.348501733198e+02 
       5.801106662713e-01       2.323481165650e+02 
       5.829271940442e-01       2.298834163174e+02 
       5.857437218978e-01       2.274553550880e+02 
       5.885602498311e-01       2.250632322165e+02 
       5.913767778429e-01       2.227063634057e+02 
       5.941933059320e-01       2.203840802713e+02 
       5.970098340974e-01       2.180957299048e+02 
       5.998263623381e-01       2.158406744510e+02 
       6.026428906528e-01       2.136182906991e+02 
       6.054594190407e-01       2.114279696852e+02 
       6.082759475006e-01       2.092691163090e+02 
       6.110924760316e-01       2.071411489609e+02 
       6.139090046327e-01       2.050434991613e+02 
       6.167255333030e-01       2.029756112112e+02 
       6.195420620415e-01       2.009369418530e+02 
       6.223585908472e-01       1.989269599416e+02 
       6.251751197193e-01       1.969451461265e+02 
       6.279916486568e-01       1.949909925420e+02 
       6.308081776590e-01       1.930640025081e+02 
       6.336247067248e-01       1.911636902395e+02 
       6.364412358536e-01       1.892895805639e+02 
       6.392577650443e-01       1.874412086481e+02 
       6.420742942963e-01       1.856181197328e+02 
       6.448908236087e-01       1.838198688749e+02 
       6.477073529808e-01       1.820460206974e+02 
       6.505238824117e-01       1.802961491467e+02 
       6.533404119007e-01       1.785698372573e+02 
       6.561569414470e-01       1.768666769226e+02 
       6.589734710499e-01       1.751862686729e+02 
       6.617900007087e-01       1.735282214598e+02 
       6.646065304227e-01       1.718921524468e+02 
       6.674230601911e-01       1.702776868055e+02 
       6.702395900133e-01       1.686844575179e+02 
       6.730561198887e-01       1.671121051845e+02 
       6.758726498164e-01       1.655602778377e+02 
       6.786891797959e-01       1.640286307603e+02 
       6.815057098266e-01       1.625168263089e+02 
       6.843222399078e-01       1.610245337433e+02 
       6.871387700389e-01       1.595514290592e+02 
       6.899553002192e-01       1.580971948267e+02 
       6.927718304482e-01       1.566615200326e+02 
       6.955883607253e-01       1.552440999275e+02 
       6.984048910499e-01       1.538446358767e+02 
       7.012214214214e-01       1.524628352155e+02 
       7.040379518393e-01       1.510984111081e+02 
       7.068544823029e-01       1.497510824109e+02 
       7.096710128118e-01       1.484205735389e+02 
       7.124875433655e-01       1.471066143360e+02 
       7.153040739633e-01       1.458089399489e+02 
       7.181206046048e-01       1.445272907038e+02 
       7.209371352894e-01       1.432614119874e+02 
       7.237536660167e-01       1.420110541301e+02 
       7.265701967862e-01       1.407759722927e+02 
       7.293867275973e-01       1.395559263561e+02 
       7.322032584496e-01       1.383506808140e+02 
       7.350197893426e-01       1.371600046681e+02 
       7.378363202758e-01       1.359836713262e+02 
       7.406528512489e-01       1.348214585032e+02 
       7.434693822612e-01       1.336731481242e+02 
       7.462859133124e-01       1.325385262305e+02 
       7.491024444021e-01       1.314173828877e+02 
       7.519189755298e-01       1.303095120964e+02 
       7.547355066951e-01       1.292147117053e+02 
       7.575520378975e-01       1.281327833261e+02 
       7.603685691367e-01       1.270635322506e+02 
       7.631851004122e-01       1.260067673707e+02 
       7.660016317237e-01       1.249623010992e+02 
       7.688181630707e-01       1.239299492935e+02 
       7.716346944528e-01       1.229095311808e+02 
       7.744512258698e-01       1.219008692853e+02 
       7.772677573211e-01       1.209037893573e+02 
       7.800842888064e-01       1.199181203037e+02 
       7.829008203254e-01       1.189436941209e+02 
       7.857173518777e-01       1.179803458284e+02 
       7.885338834629e-01       1.170279134048e+02 
       7.913504150807e-01       1.160862377252e+02 
       7.941669467307e-01       1.151551625001e+02 
       7.969834784126e-01       1.142345342154e+02 
       7.998000101261e-01       1.133242020745e+02 
       8.026165418708e-01       1.124240179414e+02 
       8.054330736463e-01       1.115338362851e+02 
       8.082496054525e-01       1.106535141258e+02 
       8.110661372888e-01       1.097829109819e+02 
       8.138826691552e-01       1.089218888185e+02 
       8.166992010511e-01       1.080703119969e+02 
       8.195157329764e-01       1.072280472258e+02 
       8.223322649306e-01       1.063949635130e+02 
       8.251487969136e-01       1.055709321186e+02 
       8.279653289250e-01       1.047558265097e+02 
       8.307818609646e-01       1.039495223151e+02 
       8.335983930320e-01       1.031518972819e+02 
       8.364149251270e-01       1.023628312331e+02 
       8.392314572492e-01       1.015822060257e+02 
       8.420479893985e-01       1.008099055102e+02 
       8.448645215745e-01       1.000458154908e+02 
       8.476810537770e-01       9.928982368646e+01 
       8.504975860057e-01       9.854181969325e+01 
       8.533141182604e-01       9.780169494706e+01 
       8.561306505407e-01       9.706934268748e+01 
       8.589471828465e-01       9.634465792239e+01 
       8.617637151775e-01       9.562753739335e+01 
       8.645802475335e-01       9.491787954178e+01 
       8.673967799141e-01       9.421558447592e+01 
       8.702133123192e-01       9.352055393851e+01 
       8.730298447486e-01       9.283269127520e+01 
       8.758463772019e-01       9.215190140366e+01 
       8.786629096790e-01       9.147809078336e+01 
       8.814794421796e-01       9.081116738607e+01 
       8.842959747036e-01       9.015104066693e+01 
       8.871125072506e-01       8.949762153627e+01 
       8.899290398205e-01       8.885082233191e+01 
       8.927455724130e-01       8.821055679220e+01 
       8.955621050280e-01       8.757674002955e+01 
       8.983786376652e-01       8.694928850459e+01 
       9.011951703244e-01       8.632812000088e+01 
       9.040117030054e-01       8.571315360012e+01 
       9.068282357080e-01       8.510430965801e+01 
       9.096447684321e-01       8.450150978046e+01 
       9.124613011773e-01       8.390467680050e+01 
       9.152778339435e-01       8.331373475552e+01 
       9.180943667306e-01       8.272860886508e+01 
       9.209108995383e-01       8.214922550921e+01 
       9.237274323664e-01       8.157551220707e+01 
       9.265439652148e-01       8.100739759619e+01 
       9.293604980832e-01       8.044481141205e+01 
       9.321770309716e-01       7.988768446812e+01 
       9.349935638796e-01       7.933594863633e+01 
       9.378100968071e-01       7.878953682795e+01 
       9.406266297540e-01       7.824838297484e+01 
       9.434431627201e-01       7.771242201110e+01 
       9.462596957052e-01       7.718158985514e+01 
       9.490762287091e-01       7.665582339206e+01 
       9.518927617317e-01       7.613506045641e+01 
       9.547092947728e-01       7.561923981537e+01 
       9.575258278322e-01       7.510830115216e+01 
       9.603423609098e-01       7.460218504986e+01 
       9.631588940055e-01       7.410083297558e+01 
       9.659754271189e-01       7.360418726490e+01 
       9.687919602501e-01       7.311219110663e+01 
       9.716084933989e-01       7.262478852793e+01 
       9.744250265650e-01       7.214192437965e+01 
       9.772415597484e-01       7.166354432205e+01 
       9.800580929489e-01       7.118959481073e+01 
       9.828746261663e-01       7.072002308290e+01 
       9.856911594005e-01       7.025477714389e+01 
       9.885076926514e-01       6.979380575393e+01 
       9.913242259188e-01       6.933705841521e+01 
       9.941407592026e-01       6.888448535918e+01 
       9.969572925026e-01       6.843603753414e+01 
       9.997738258188e-01       6.799166659296e+01 
       1.002590359151e+00       6.755132488121e+01 
       1.005406892499e+00       6.711496542538e+01 
       1.008223425862e+00       6.668254192141e+01 
       1.011039959242e+00       6.625400872339e+01 
       1.013856492636e+00       6.582932083255e+01 
       1.016673026046e+00       6.540843388636e+01 
       1.019489559471e+00       6.499130414795e+01 
       1.022306092911e+00       6.457788849567e+01 
       1.025122626367e+00       6.416814441287e+01 
       1.027939159837e+00       6.376202997783e+01 
       1.030755693321e+00       6.335950385398e+01 
       1.033572226820e+00       6.296052528022e+01 
       1.036388760334e+00       6.256505406147e+01 
       1.039205293862e+00       6.217305055934e+01 
       1.042021827404e+00       6.178447568308e+01 
       1.044838360960e+00       6.139929088061e+01 
       1.047654894531e+00       6.101745812972e+01 
       1.050471428115e+00       6.063893992952e+01 
       1.053287961713e+00       6.026369929196e+01 
       1.056104495324e+00       5.989169973356e+01 
       1.058921028949e+00       5.952290526726e+01 
       1.061737562588e+00       5.915728039444e+01 
       1.064554096240e+00       5.879479009710e+01 
       1.067370629905e+00       5.843539983017e+01 
       1.070187163583e+00       5.807907551394e+01 
       1.073003697274e+00       5.772578352668e+01 
       1.075820230978e+00       5.737549069736e+01 
       1.078636764695e+00       5.702816429849e+01 
       1.081453298425e+00       5.668377203916e+01 
       1.084269832167e+00       5.634228205809e+01 
       1.087086365922e+00       5.600366291693e+01 
       1.089902899689e+00       5.566788359362e+01 
       1.092719433468e+00       5.533491347585e+01 
       1.095535967260e+00       5.500472235468e+01 
       1.098352501064e+00       5.467728041827e+01 
       1.101169034880e+00       5.435255824569e+01 
       1.103985568707e+00       5.403052680087e+01 
       1.106802102547e+00       5.371115742668e+01 
       1.109618636399e+00       5.339442183904e+01 
       1.112435170262e+00       5.308029212119e+01 
       1.115251704136e+00       5.276874071811e+01 
       1.118068238023e+00       5.245974043088e+01 
       1.120884771920e+00       5.215326441135e+01 
       1.123701305829e+00       5.184928615671e+01 
       1.126517839749e+00       5.154777950429e+01 
       1.129334373681e+00       5.124871862638e+01 
       1.132150907623e+00       5.095207802516e+01 
       1.134967441576e+00       5.065783252775e+01 
       1.137783975541e+00       5.036595728127e+01 
       1.140600509516e+00       5.007642774808e+01 
       1.143417043502e+00       4.978921970101e+01 
       1.146233577498e+00       4.950430921877e+01 
       1.149050111505e+00       4.922167268134e+01 
       1.151866645523e+00       4.894128676551e+01 
       1.154683179551e+00       4.866312844045e+01 
       1.157499713589e+00       4.838717496342e+01 
       1.160316247638e+00       4.811340387548e+01 
       1.163132781697e+00       4.784179299729e+01 
       1.165949315766e+00       4.757232042506e+01 
       1.168765849845e+00       4.730496452642e+01 
       1.171582383934e+00       4.703970393652e+01 
       1.174398918033e+00       4.677651755408e+01 
       1.177215452142e+00       4.651538453755e+01 
       1.180031986261e+00       4.625628430135e+01 
       1.182848520389e+00       4.599919651214e+01 
       1.185665054527e+00       4.574410108516e+01 
       1.188481588674e+00       4.549097818067e+01 
       1.191298122831e+00       4.523980820039e+01 
       1.194114656998e+00       4.499057178404e+01 
       1.196931191174e+00       4.474324980591e+01 
       1.199747725359e+00       4.449782337152e+01 
       1.202564259553e+00       4.425427381431e+01 
       1.205380793757e+00       4.401258269238e+01 
       1.208197327969e+00       4.377273178532e+01 
       1.211013862191e+00       4.353470309104e+01 
       1.213830396422e+00       4.329847882269e+01 
       1.216646930661e+00       4.306404140561e+01 
       1.219463464910e+00       4.283137347438e+01 
       1.222279999167e+00       4.260045786979e+01 
       1.225096533433e+00       4.237127763606e+01 
       1.227913067707e+00       4.214381601788e+01 
       1.230729601991e+00       4.191805645768e+01 
       1.233546136282e+00       4.169398259285e+01 
       1.236362670583e+00       4.147157825303e+01 
       1.239179204891e+00       4.125082745744e+01 
       1.241995739208e+00       4.103171441225e+01 
       1.244812273534e+00       4.081422350798e+01 
       1.247628807867e+00       4.059833931702e+01 
       1.250445342209e+00       4.038404659103e+01 
       1.253261876559e+00       4.017133025856e+01 
       1.256078410917e+00       3.996017542260e+01 
       1.258894945284e+00       3.975056735817e+01 
       1.261711479658e+00       3.954249150999e+01 
       1.264528014040e+00       3.933593349019e+01 
       1.267344548430e+00       3.913087907600e+01 
       1.270161082827e+00       3.892731420754e+01 
       1.272977617233e+00       3.872522498557e+01 
       1.275794151646e+00       3.852459766939e+01 
       1.278610686067e+00       3.832541867465e+01 
       1.281427220496e+00       3.812767457126e+01 
       1.284243754932e+00       3.793135208133e+01 
       1.287060289376e+00       3.773643807711e+01 
       1.289876823827e+00       3.754291957902e+01 
       1.292693358286e+00       3.735078375365e+01 
       1.295509892752e+00       3.716001791180e+01 
       1.298326427225e+00       3.697060950660e+01 
       1.301142961706e+00       3.678254613160e+01 
       1.303959496193e+00       3.659581551892e+01 
       1.306776030688e+00       3.641040553741e+01 
       1.309592565191e+00       3.622630419087e+01 
       1.312409099700e+00       3.604349961627e+01 
       1.315225634216e+00       3.586198008199e+01 
       1.318042168740e+00       3.568173398610e+01 
       1.320858703270e+00       3.550274985470e+01 
       1.323675237807e+00       3.532501634020e+01 
       1.326491772351e+00       3.514852221971e+01 
       1.329308306902e+00       3.497325639341e+01 
       1.332124841460e+00       3.479920788295e+01 
       1.334941376024e+00       3.462636582992e+01 
       1.337757910595e+00       3.445471949421e+01 
       1.340574445173e+00       3.428425825261e+01 
       1.343390979757e+00       3.411497159719e+01 
       1.346207514348e+00       3.394684913389e+01 
       1.349024048946e+00       3.377988058106e+01 
       1.351840583550e+00       3.361405576799e+01 
       1.354657118160e+00       3.344936463352e+01 
       1.357473652777e+00       3.328579722464e+01 
       1.360290187401e+00       3.312334369510e+01 
       1.363106722030e+00       3.296199430411e+01 
       1.365923256666e+00       3.280173941494e+01 
       1.368739791308e+00       3.264256949362e+01 
       1.371556325956e+00       3.248447510770e+01 
       1.374372860611e+00       3.232744692490e+01 
       1.377189395272e+00       3.217147571190e+01 
       1.380005929938e+00       3.201655233307e+01 
       1.382822464611e+00       3.186266774929e+01 
       1.385638999290e+00       3.170981301669e+01 
       1.388455533975e+00       3.155797928550e+01 
       1.391272068666e+00       3.140715779889e+01 
       1.394088603362e+00       3.125733989178e+01 
       1.396905138065e+00       3.110851698974e+01 
       1.399721672773e+00       3.096068060783e+01 
       1.402538207488e+00       3.081382234954e+01 
       1.405354742208e+00       3.066793390567e+01 
       1.408171276933e+00       3.052300705327e+01 
       1.410987811665e+00       3.037903365458e+01 
       1.413804346402e+00       3.023600565598e+01 
       1.416620881145e+00       3.009391508699e+01 
       1.419437415893e+00       2.995275405921e+01 
       1.422253950647e+00       2.981251476535e+01 
       1.425070485406e+00       2.967318947825e+01 
       1.427887020171e+00       2.953477054990e+01 
       1.430703554942e+00       2.939725041045e+01 
       1.433520089718e+00       2.926062156735e+01 
       1.436336624499e+00       2.912487660431e+01 
       1.439153159286e+00       2.899000818046e+01 
       1.441969694078e+00       2.885600902944e+01 
       1.444786228875e+00       2.872287195845e+01 
       1.447602763678e+00       2.859058984742e+01 
       1.450419298486e+00       2.845915564814e+01 
       1.453235833299e+00       2.832856238338e+01 
       1.456052368117e+00       2.819880314606e+01 
       1.458868902941e+00       2.806987109841e+01 
       1.461685437769e+00       2.794175947114e+01 
       1.464501972603e+00       2.781446156266e+01 
       1.467318507442e+00       2.768797073826e+01 
       1.470135042286e+00       2.756228042930e+01 
       1.472951577134e+00       2.743738413247e+01 
       1.475768111988e+00       2.731327540900e+01 
       1.478584646847e+00       2.718994788393e+01 
       1.481401181711e+00       2.706739524531e+01 
       1.484217716579e+00       2.694561124353e+01 
       1.487034251453e+00       2.682458969052e+01 
       1.489850786331e+00       2.670432445911e+01 
       1.492667321214e+00       2.658480948227e+01 
       1.495483856102e+00       2.646603875243e+01 
       1.498300390995e+00       2.634800632077e+01 
       1.501116925892e+00       2.623070629659e+01 
       1.503933460794e+00       2.611413284659e+01 
       1.506749995701e+00       2.599828019423e+01 
       1.509566530613e+00       2.588314261909e+01 
       1.512383065529e+00       2.576871445619e+01 
       1.515199600450e+00       2.565499009538e+01 
       1.518016135375e+00       2.554196398073e+01 
       1.520832670305e+00       2.542963060987e+01 
       1.523649205239e+00       2.531798453341e+01 
       1.526465740178e+00       2.520702035431e+01 
       1.529282275121e+00       2.509673272732e+01 
       1.532098810069e+00       2.498711635838e+01 
       1.534915345022e+00       2.487816600403e+01 
       1.537731879978e+00       2.476987647084e+01 
       1.540548414939e+00       2.466224261484e+01 
       1.543364949905e+00       2.455525934102e+01 
       1.546181484874e+00       2.444892160268e+01 
       1.548998019848e+00       2.434322440097e+01 
       1.551814554827e+00       2.423816278433e+01 
       1.554631089809e+00       2.413373184795e+01 
       1.557447624796e+00       2.402992673325e+01 
       1.560264159787e+00       2.392674262740e+01 
       1.563080694782e+00       2.382417476274e+01 
       1.565897229782e+00       2.372221841635e+01 
       1.568713764785e+00       2.362086890953e+01 
       1.571530299793e+00       2.352012160729e+01 
       1.574346834805e+00       2.341997191788e+01 
       1.577163369821e+00       2.332041529235e+01 
       1.579979904841e+00       2.322144722402e+01 
       1.582796439865e+00       2.312306324803e+01 
       1.585612974893e+00       2.302525894092e+01 
       1.588429509925e+00       2.292802992015e+01 
       1.591246044961e+00       2.283137184363e+01 
       1.594062580001e+00       2.273528040931e+01 
       1.596879115044e+00       2.263975135476e+01 
       1.599695650092e+00       2.254478045667e+01 
       1.602512185144e+00       2.245036353051e+01 
       1.605328720199e+00       2.235649643005e+01 
       1.608145255259e+00       2.226317504697e+01 
       1.610961790322e+00       2.217039531043e+01 
       1.613778325389e+00       2.207815318672e+01 
       1.616594860460e+00       2.198644467878e+01 
       1.619411395534e+00       2.189526582586e+01 
       1.622227930613e+00       2.180461270314e+01 
       1.625044465695e+00       2.171448142129e+01 
       1.627861000781e+00       2.162486812616e+01 
       1.630677535870e+00       2.153576899833e+01 
       1.633494070963e+00       2.144718025280e+01 
       1.636310606060e+00       2.135909813861e+01 
       1.639127141160e+00       2.127151893845e+01 
       1.641943676264e+00       2.118443896833e+01 
       1.644760211372e+00       2.109785457724e+01 
       1.647576746483e+00       2.101176214674e+01 
       1.650393281598e+00       2.092615809070e+01 
       1.653209816716e+00       2.084103885489e+01 
       1.656026351838e+00       2.075640091669e+01 
       1.658842886964e+00       2.067224078474e+01 
       1.661659422092e+00       2.058855499860e+01 
       1.664475957225e+00       2.050534012844e+01 
       1.667292492361e+00       2.042259277473e+01 
       1.670109027500e+00       2.034030956790e+01 
       1.672925562642e+00       2.025848716806e+01 
       1.675742097788e+00       2.017712226466e+01 
       1.678558632938e+00       2.009621157618e+01 
       1.681375168091e+00       2.001575184988e+01 
       1.684191703247e+00       1.993573986145e+01 
       1.687008238406e+00       1.985617241473e+01 
       1.689824773569e+00       1.977704634144e+01 
       1.692641308735e+00       1.969835850087e+01 
       1.695457843905e+00       1.962010577960e+01 
       1.698274379077e+00       1.954228509123e+01 
       1.701090914253e+00       1.946489337610e+01 
       1.703907449432e+00       1.938792760099e+01 
       1.706723984615e+00       1.931138475891e+01 
       1.709540519800e+00       1.923526186875e+01 
       1.712357054989e+00       1.915955597511e+01 
       1.715173590181e+00       1.908426414796e+01 
       1.717990125376e+00       1.900938348242e+01 
       1.720806660574e+00       1.893491109849e+01 
       1.723623195775e+00       1.886084414083e+01 
       1.726439730980e+00       1.878717977845e+01 
       1.729256266187e+00       1.871391520452e+01 
       1.732072801398e+00       1.864104763613e+01 
       1.734889336612e+00       1.856857431399e+01 
       1.737705871828e+00       1.849649250224e+01 
       1.740522407048e+00       1.842479948822e+01 
       1.743338942271e+00       1.835349258221e+01 
       1.746155477497e+00       1.828256911721e+01 
       1.748972012726e+00       1.821202644873e+01 
       1.751788547957e+00       1.814186195453e+01 
       1.754605083192e+00       1.807207303445e+01 
       1.757421618430e+00       1.800265711013e+01 
       1.760238153670e+00       1.793361162486e+01 
       1.763054688914e+00       1.786493404329e+01 
       1.765871224160e+00       1.779662185130e+01 
       1.768687759410e+00       1.772867255572e+01 
       1.771504294662e+00       1.766108368417e+01 
       1.774320829917e+00       1.759385278483e+01 
       1.777137365175e+00       1.752697742625e+01 
       1.779953900436e+00       1.746045519715e+01 
       1.782770435699e+00       1.739428370621e+01 
       1.785586970966e+00       1.732846058190e+01 
       1.788403506235e+00       1.726298347224e+01 
       1.791220041507e+00       1.719785004469e+01 
       1.794036576781e+00       1.713305798585e+01 
       1.796853112059e+00       1.706860500138e+01 
       1.799669647339e+00       1.700448881576e+01 
       1.802486182622e+00       1.694070717210e+01 
       1.805302717908e+00       1.687725783199e+01 
       1.808119253196e+00       1.681413857531e+01 
       1.810935788487e+00       1.675134720004e+01 
       1.813752323781e+00       1.668888152212e+01 
       1.816568859078e+00       1.662673937521e+01 
       1.819385394377e+00       1.656491861062e+01 
       1.822201929679e+00       1.650341709704e+01 
       1.825018464983e+00       1.644223272044e+01 
       1.827835000290e+00       1.638136338388e+01 
       1.830651535600e+00       1.632080700734e+01 
       1.833468070912e+00       1.626056152758e+01 
       1.836284606227e+00       1.620062489796e+01 
       1.839101141544e+00       1.614099508830e+01 
       1.841917676864e+00       1.608167008469e+01 
       1.844734212186e+00       1.602264788940e+01 
       1.847550747511e+00       1.596392652066e+01 
       1.850367282839e+00       1.590550401253e+01 
       1.853183818169e+00       1.584737841478e+01 
       1.856000353501e+00       1.578954779269e+01 
       1.858816888836e+00       1.573201022697e+01 
       1.861633424174e+00       1.567476381353e+01 
       2.343657521127e+00       8.970260144622e+00 
       2.950490009842e+00       5.097127235471e+00 
       3.714446850635e+00       2.877189945808e+00 
       4.676211531024e+00       1.614104722581e+00 
       5.887001527331e+00       9.003363496439e-01 
       7.411295822028e+00       4.995388353954e-01 
       9.330268644675e+00       2.758018762352e-01 
       1.174611229565e+01       1.515829325674e-01 
       1.478747925878e+01       8.296196097305e-02 
       1.861633341526e+01       4.522955950731e-02 
       2.343657521090e+01       2.457016079114e-02 
       2.950490009842e+01       1.330309102769e-02 
       3.714446850636e+01       7.180625028148e-03 
       4.676211531024e+01       3.864857862072e-03 
       5.887001527331e+01       2.074693344748e-03 
       7.411295822028e+01       1.110971104424e-03 
       9.330268644675e+01       5.935427947418e-04 
       1.174611229565e+02       3.164222694201e-04 
       1.478747925878e+02       1.683476688514e-04 
