# Matter power spectrum P(k) at redshift z=0
# for k=9.1423e-06 to 147.875 h/Mpc,
# number of wavenumbers equal to 1050
#    1:k (h/Mpc)              2:P (Mpc/h)^3        
       9.142301666472e-06       5.499933004247e+01 
       2.042836522964e-05       1.218825812390e+02 
       3.174488627200e-05       1.885412837778e+02 
       4.311522688834e-05       2.552619609040e+02 
       5.456304624503e-05       3.222471504687e+02 
       6.611246267637e-05       3.896724850772e+02 
       7.778821979947e-05       4.577031980537e+02 
       8.961585837474e-05       5.265012359429e+02 
       1.016218956535e-04       5.962291906377e+02 
       1.138340139722e-04       6.670529220974e+02 
       1.262812603695e-04       7.391435810609e+02 
       1.389942590079e-04       8.126793462995e+02 
       1.520054381692e-04       8.878470333620e+02 
       1.653492735403e-04       9.648436608350e+02 
       1.790625494058e-04       1.043878024789e+03 
       1.931846391797e-04       1.125172312543e+03 
       2.077578064151e-04       1.208963774607e+03 
       2.228275269856e-04       1.295506464605e+03 
       2.384428324857e-04       1.385073048890e+03 
       2.546566739757e-04       1.477956679165e+03 
       2.715263039391e-04       1.574472911641e+03 
       2.891136726136e-04       1.674961644393e+03 
       3.074858326140e-04       1.779789029716e+03 
       3.267153428614e-04       1.889349299899e+03 
       3.468806591565e-04       2.004066422134e+03 
       3.680664941965e-04       2.124395470939e+03 
       3.903641243701e-04       2.250823574297e+03 
       4.138716143203e-04       2.383870253237e+03 
       4.386939231933e-04       2.524086935085e+03 
       4.649428490900e-04       2.672055380934e+03 
       4.927367611679e-04       2.828384732419e+03 
       5.222000631630e-04       2.993706858467e+03 
       5.534623293071e-04       3.168669678592e+03 
       5.866570556135e-04       3.353928167062e+03 
       6.219199785383e-04       3.550132814868e+03 
       6.593869313033e-04       3.757915456055e+03 
       6.991912374024e-04       3.977872559784e+03 
       7.414606814090e-04       4.210546348903e+03 
       7.863141474468e-04       4.456404415440e+03 
       8.338580709961e-04       4.715818831557e+03 
       8.841829024428e-04       4.989046051358e+03 
       9.373598209100e-04       5.276209102271e+03 
       9.934379538704e-04       5.577283612089e+03 
       1.052442343416e-03       5.892089063452e+03 
       1.114372850639e-03       6.220286300957e+03 
       1.179204109393e-03       6.561381772006e+03 
       1.246886541097e-03       6.914738340349e+03 
       1.317348339777e-03       7.279591877633e+03 
       1.390498248551e-03       7.655072320736e+03 
       1.466228889144e-03       8.040227561453e+03 
       1.544420381770e-03       8.434048444445e+03 
       1.624944002913e-03       8.835493274100e+03 
       1.707665665943e-03       9.243510517280e+03 
       1.792449063302e-03       9.657058764324e+03 
       1.879158367967e-03       1.007512340361e+04 
       1.967660447027e-03       1.049672981963e+04 
       2.057826585552e-03       1.092095320705e+04 
       2.149533751954e-03       1.134692529114e+04 
       2.242665456852e-03       1.177383836174e+04 
       2.337112267704e-03       1.220094707752e+04 
       2.432772043708e-03       1.262756849671e+04 
       2.529549952208e-03       1.305308075651e+04 
       2.627358321337e-03       1.347692077212e+04 
       2.726116375589e-03       1.389858126604e+04 
       2.825749892675e-03       1.431760737974e+04 
       2.926190812134e-03       1.473359306440e+04 
       3.027376819179e-03       1.514617740011e+04 
       3.129250921308e-03       1.555504095267e+04 
       3.231761030324e-03       1.595990224469e+04 
       3.334859558548e-03       1.636051439224e+04 
       3.438503034957e-03       1.675666193856e+04 
       3.542651744717e-03       1.714815790167e+04 
       3.647269393861e-03       1.753484104204e+04 
       3.752322799653e-03       1.791657334868e+04 
       3.857781606312e-03       1.829323773706e+04 
       3.963618025201e-03       1.866473594857e+04 
       4.069806598198e-03       1.903098663962e+04 
       4.176323982780e-03       1.939192364691e+04 
       4.283148757222e-03       1.974749441558e+04 
       4.390261244310e-03       2.009765857670e+04 
       4.497643351974e-03       2.044238666122e+04 
       4.605278429334e-03       2.078165893810e+04 
       4.713151136718e-03       2.111546436518e+04 
       4.821247328329e-03       2.144379964208e+04 
       4.929553946317e-03       2.176666835548e+04 
       5.038058925136e-03       2.208408020769e+04 
       5.146751105159e-03       2.239605032049e+04 
       5.255620154617e-03       2.270259860682e+04 
       5.364656499021e-03       2.300374920368e+04 
       5.473851257308e-03       2.329952996027e+04 
       5.583196184035e-03       2.358997197581e+04 
       5.692683616999e-03       2.387510918242e+04 
       5.802306429742e-03       2.415497796847e+04 
       5.912057988447e-03       2.442961683854e+04 
       6.021932112788e-03       2.469906610664e+04 
       6.131923040328e-03       2.496336761915e+04 
       6.242025394130e-03       2.522256450514e+04 
       6.352234153252e-03       2.547670095101e+04 
       6.462544625846e-03       2.572582199762e+04 
       6.572952424615e-03       2.596997335754e+04 
       6.683453444393e-03       2.620920125069e+04 
       6.794043841641e-03       2.644355225683e+04 
       6.904720015699e-03       2.667307318313e+04 
       7.015478591597e-03       2.689781094576e+04 
       7.126316404309e-03       2.711781246415e+04 
       7.237230484298e-03       2.733312456679e+04 
       7.348218044243e-03       2.754379390777e+04 
       7.459276466838e-03       2.774986689291e+04 
       7.570403293563e-03       2.795138961494e+04 
       7.681596214352e-03       2.814840779679e+04 
       7.792853058065e-03       2.834096674248e+04 
       7.904171783704e-03       2.852911129493e+04 
       8.015550472300e-03       2.871288580019e+04 
       8.126987319430e-03       2.889233407749e+04 
       8.238480628285e-03       2.906749939489e+04 
       8.350028803267e-03       2.923842444983e+04 
       8.461630344060e-03       2.940515135441e+04 
       8.573283840135e-03       2.956772162500e+04 
       8.684987965658e-03       2.972617617574e+04 
       8.796741474765e-03       2.988055531591e+04 
       8.908543197178e-03       3.003089875055e+04 
       9.020392034133e-03       3.017724558437e+04 
       9.132286954600e-03       3.031963432855e+04 
       9.244226991758e-03       3.045810291025e+04 
       9.356211239732e-03       3.059268868468e+04 
       9.468238850540e-03       3.072342844937e+04 
       9.580309031264e-03       3.085035846071e+04 
       9.692421041410e-03       3.097351445232e+04 
       9.804574190444e-03       3.109293165527e+04 
       9.916767835502e-03       3.120864481990e+04 
       1.002900137926e-02       3.132068823912e+04 
       1.014127426791e-02       3.142909577301e+04 
       1.025358598937e-02       3.153390087460e+04 
       1.036593607146e-02       3.163513661670e+04 
       1.047832408037e-02       3.173283571962e+04 
       1.059074961907e-02       3.182703057963e+04 
       1.070321232599e-02       3.191775329813e+04 
       1.081571187362e-02       3.200503571121e+04 
       1.092824796737e-02       3.208890941971e+04 
       1.104082034434e-02       3.216940581946e+04 
       1.115342877234e-02       3.224655613169e+04 
       1.126607304884e-02       3.232039143347e+04 
       1.137875300008e-02       3.239094268802e+04 
       1.149146848018e-02       3.245824077485e+04 
       1.160421937038e-02       3.252231651954e+04 
       1.171700557827e-02       3.258320072311e+04 
       1.182982703710e-02       3.264092419083e+04 
       1.194268370516e-02       3.269551776043e+04 
       1.205557556519e-02       3.274701232950e+04 
       1.216850262379e-02       3.279543888212e+04 
       1.228146491100e-02       3.284082851448e+04 
       1.239446247974e-02       3.288321245950e+04 
       1.250749540546e-02       3.292262211038e+04 
       1.262056378572e-02       3.295908904286e+04 
       1.273366773984e-02       3.299264503628e+04 
       1.284680740859e-02       3.302332209326e+04 
       1.295998295388e-02       3.305115245795e+04 
       1.307319455850e-02       3.307616863283e+04 
       1.318644242593e-02       3.309840339395e+04 
       1.329972678009e-02       3.311788980456e+04 
       1.341304786517e-02       3.313466122719e+04 
       1.352640594550e-02       3.314875133396e+04 
       1.363980130541e-02       3.316019411523e+04 
       1.375323424911e-02       3.316902388654e+04 
       1.386670510064e-02       3.317527529376e+04 
       1.398021420377e-02       3.317898331651e+04 
       1.409376192201e-02       3.318018326983e+04 
       1.420734863853e-02       3.317891080404e+04 
       1.432097475623e-02       3.317520190289e+04 
       1.443464069769e-02       3.316909287998e+04 
       1.454834690528e-02       3.316062037339e+04 
       1.466209384113e-02       3.314982133878e+04 
       1.477588198731e-02       3.313673304067e+04 
       1.488971184584e-02       3.312139304222e+04 
       1.500358393883e-02       3.310383919346e+04 
       1.511749880861e-02       3.308410961795e+04 
       1.523145701788e-02       3.306224269803e+04 
       1.534545914984e-02       3.303827705878e+04 
       1.545950580842e-02       3.301225155047e+04 
       1.557359761840e-02       3.298420522999e+04 
       1.568773522569e-02       3.295417734103e+04 
       1.580191929752e-02       3.292220729312e+04 
       1.591615052269e-02       3.288833463983e+04 
       1.603042961181e-02       3.285259905592e+04 
       1.614475729759e-02       3.281504031380e+04 
       1.625913433514e-02       3.277569825915e+04 
       1.637356150225e-02       3.273461278604e+04 
       1.648803959971e-02       3.269182381138e+04 
       1.660256945168e-02       3.264737124904e+04 
       1.671715190600e-02       3.260129498352e+04 
       1.683178783459e-02       3.255363484345e+04 
       1.694647813382e-02       3.250443057488e+04 
       1.706122372493e-02       3.245372181448e+04 
       1.717602555441e-02       3.240154806279e+04 
       1.729088459449e-02       3.234794865755e+04 
       1.740580184355e-02       3.229296274719e+04 
       1.752077832661e-02       3.223662926463e+04 
       1.763581509582e-02       3.217898690138e+04 
       1.775091323097e-02       3.212007408206e+04 
       1.786607383998e-02       3.205992893944e+04 
       1.798129805951e-02       3.199858928998e+04 
       1.809658705545e-02       3.193609260999e+04 
       1.821194202358e-02       3.187247601253e+04 
       1.832736419010e-02       3.180777622493e+04 
       1.844285481230e-02       3.174202956716e+04 
       1.855841517919e-02       3.167527193100e+04 
       1.867404661218e-02       3.160753876003e+04 
       1.878975046575e-02       3.153886503059e+04 
       1.890552812816e-02       3.146928523360e+04 
       1.902138102221e-02       3.139883335737e+04 
       1.913731060597e-02       3.132754287134e+04 
       1.925331837360e-02       3.125544671089e+04 
       1.936940585609e-02       3.118257726305e+04 
       1.948557462219e-02       3.110896635333e+04 
       1.960182627919e-02       3.103464523350e+04 
       1.971816247384e-02       3.095964457041e+04 
       1.983458489328e-02       3.088399443584e+04 
       1.995109526596e-02       3.080772429737e+04 
       2.006769536263e-02       3.073086301018e+04 
       2.018438699735e-02       3.065343880998e+04 
       2.030117202854e-02       3.057547930679e+04 
       2.041805236001e-02       3.049701147974e+04 
       2.053502994213e-02       3.041806167280e+04 
       2.065210677291e-02       3.033865559140e+04 
       2.076928489924e-02       3.025881830003e+04 
       2.088656641804e-02       3.017857422055e+04 
       2.100395347759e-02       3.009794713149e+04 
       2.112144827877e-02       3.001696016809e+04 
       2.123905307642e-02       2.993563582308e+04 
       2.135677018072e-02       2.985399594831e+04 
       2.147460195863e-02       2.977206175695e+04 
       2.159255083534e-02       2.968985382650e+04 
       2.171061929582e-02       2.960739210239e+04 
       2.182880988636e-02       2.952469590212e+04 
       2.194712521623e-02       2.944178392013e+04 
       2.206556795934e-02       2.935867423305e+04 
       2.218414085597e-02       2.927538430555e+04 
       2.230284671457e-02       2.919193099662e+04 
       2.242168841363e-02       2.910833056631e+04 
       2.254066890356e-02       2.902459868285e+04 
       2.265979120871e-02       2.894075043014e+04 
       2.277905842939e-02       2.885680031558e+04 
       2.289847374401e-02       2.877276227819e+04 
       2.301804041127e-02       2.868864969703e+04 
       2.313776177243e-02       2.860447539981e+04 
       2.325764125365e-02       2.852025167175e+04 
       2.337768236845e-02       2.843599026461e+04 
       2.349788872018e-02       2.835170240583e+04 
       2.361826400471e-02       2.826739880790e+04 
       2.373881201303e-02       2.818308967768e+04 
       2.385953663416e-02       2.809878472591e+04 
       2.398044185797e-02       2.801449317673e+04 
       2.410153177824e-02       2.793022377722e+04 
       2.422281059574e-02       2.784598480690e+04 
       2.434428262152e-02       2.776178408733e+04 
       2.446595228023e-02       2.767762899152e+04 
       2.458782411362e-02       2.759352645341e+04 
       2.470990278414e-02       2.750948297720e+04 
       2.483219307875e-02       2.742550464657e+04 
       2.495469991276e-02       2.734159713388e+04 
       2.507742833391e-02       2.725776570914e+04 
       2.520038352660e-02       2.717401524890e+04 
       2.532357081624e-02       2.709035024496e+04 
       2.544699567383e-02       2.700677481294e+04 
       2.557066372066e-02       2.692329270061e+04 
       2.569458073328e-02       2.683990729606e+04 
       2.581875264861e-02       2.675662163573e+04 
       2.594318556927e-02       2.667343841209e+04 
       2.606788576915e-02       2.659035998121e+04 
       2.619285969920e-02       2.650738837003e+04 
       2.631811399346e-02       2.642452528346e+04 
       2.644365547537e-02       2.634177211111e+04 
       2.656949116431e-02       2.625912993390e+04 
       2.669562828247e-02       2.617659953028e+04 
       2.682207426196e-02       2.609418138229e+04 
       2.694883675230e-02       2.601187568124e+04 
       2.707592362817e-02       2.592968233315e+04 
       2.720334299761e-02       2.584760096389e+04 
       2.733110321043e-02       2.576563092407e+04 
       2.745921286719e-02       2.568377129348e+04 
       2.758768082845e-02       2.560202088540e+04 
       2.771651622449e-02       2.552037825044e+04 
       2.784572846555e-02       2.543884168015e+04 
       2.797532725242e-02       2.535740921025e+04 
       2.810532258770e-02       2.527607862353e+04 
       2.823572478743e-02       2.519484745239e+04 
       2.836654449342e-02       2.511371298109e+04 
       2.849779268614e-02       2.503267224751e+04 
       2.862948069822e-02       2.495172204471e+04 
       2.876162022866e-02       2.487085892191e+04 
       2.889422335775e-02       2.479007918530e+04 
       2.902730256276e-02       2.470937889825e+04 
       2.916087073439e-02       2.462875388123e+04 
       2.929494119420e-02       2.454819971127e+04 
       2.942952771278e-02       2.446771172101e+04 
       2.956464452906e-02       2.438728499723e+04 
       2.970030637053e-02       2.430691437902e+04 
       2.983652847464e-02       2.422659445536e+04 
       2.997332661135e-02       2.414631956229e+04 
       3.011071710690e-02       2.406608377952e+04 
       3.024871686898e-02       2.398588092647e+04 
       3.038734341329e-02       2.390570455784e+04 
       3.052661489158e-02       2.382554795849e+04 
       3.066655012146e-02       2.374540413778e+04 
       3.080716861779e-02       2.366526582320e+04 
       3.094849062605e-02       2.358512545341e+04 
       3.109053715768e-02       2.350497517045e+04 
       3.123333002758e-02       2.342480681136e+04 
       3.137689189390e-02       2.334461189881e+04 
       3.152124630033e-02       2.326438163108e+04 
       3.166641772104e-02       2.318410687103e+04 
       3.181243160854e-02       2.310377813418e+04 
       3.195931444452e-02       2.302338557577e+04 
       3.210709379420e-02       2.294291897675e+04 
       3.225579836409e-02       2.286236772867e+04 
       3.240545806377e-02       2.278172081729e+04 
       3.255610407182e-02       2.270096680494e+04 
       3.270776890632e-02       2.262009381148e+04 
       3.286048650023e-02       2.253908949371e+04 
       3.301429228221e-02       2.245794102325e+04 
       3.316922326313e-02       2.237663506264e+04 
       3.332531812897e-02       2.229515773954e+04 
       3.348261734056e-02       2.221349461898e+04 
       3.364116324075e-02       2.213163067336e+04 
       3.380100016982e-02       2.204955025013e+04 
       3.396217458972e-02       2.196723703685e+04 
       3.412473521804e-02       2.188467402353e+04 
       3.428873317270e-02       2.180184346180e+04 
       3.445422212824e-02       2.171872682094e+04 
       3.462125848496e-02       2.163530474015e+04 
       3.478990155217e-02       2.155155697692e+04 
       3.496021374685e-02       2.146746235108e+04 
       3.513226080954e-02       2.138299868407e+04 
       3.530611203895e-02       2.129814273301e+04 
       3.548184054749e-02       2.121287011907e+04 
       3.565952353995e-02       2.112715524942e+04 
       3.583924261768e-02       2.104097123225e+04 
       3.602108411130e-02       2.095428978415e+04 
       3.620513944511e-02       2.086708112876e+04 
       3.639150553679e-02       2.077931388614e+04 
       3.658028523656e-02       2.069095495139e+04 
       3.677158781057e-02       2.060196936171e+04 
       3.696552947376e-02       2.051232015025e+04 
       3.716223397844e-02       2.042196818532e+04 
       3.736183326559e-02       2.033087199323e+04 
       3.756446818692e-02       2.023898756271e+04 
       3.777028930699e-02       2.014626812857e+04 
       3.797945779616e-02       2.005266393206e+04 
       3.819214642670e-02       1.995812195479e+04 
       3.840854068659e-02       1.986258562284e+04 
       3.862884002763e-02       1.976599447689e+04 
       3.885325926754e-02       1.966828380375e+04 
       3.908203016896e-02       1.956938422393e+04 
       3.931540322221e-02       1.946922122874e+04 
       3.955364966358e-02       1.936771465970e+04 
       3.979706376676e-02       1.926477812151e+04 
       4.004596545175e-02       1.916031831834e+04 
       4.030070326442e-02       1.905423430162e+04 
       4.056165779015e-02       1.894641661488e+04 
       4.082924557749e-02       1.883674631903e+04 
       4.110392366361e-02       1.872509387795e+04 
       4.138619481235e-02       1.861131788048e+04 
       4.167661359962e-02       1.849526357027e+04 
       4.197579351036e-02       1.837676114910e+04 
       4.228441524840e-02       1.825562381231e+04 
       4.260323650682e-02       1.813164546639e+04 
       4.293310350488e-02       1.800459806843e+04 
       4.327496467147e-02       1.787422851400e+04 
       4.362988694836e-02       1.774025498460e+04 
       4.399907530586e-02       1.760236264673e+04 
       4.438389621477e-02       1.746019857138e+04 
       4.478590601202e-02       1.731336571561e+04 
       4.520688534327e-02       1.716141577534e+04 
       4.564888117823e-02       1.700384068244e+04 
       4.611425828685e-02       1.684006248037e+04 
       4.660576255235e-02       1.666942127633e+04 
       4.712659908478e-02       1.649116094405e+04 
       4.768052877689e-02       1.630441225983e+04 
       4.827198765321e-02       1.610817323443e+04 
       4.890623395057e-02       1.590128662536e+04 
       4.958952797860e-02       1.568241511001e+04 
       5.032934869723e-02       1.545001559894e+04 
       5.113464712676e-02       1.520231606740e+04 
       5.201612736626e-02       1.493730172164e+04 
       5.298652616637e-02       1.465272323453e+04 
       5.406082378606e-02       1.434614927821e+04 
       5.525625220927e-02       1.401509910147e+04 
       5.659186621761e-02       1.365730579296e+04 
       5.808732924253e-02       1.327116593971e+04 
       5.976053272399e-02       1.285639945326e+04 
       6.162392566457e-02       1.241483363848e+04 
       6.368021762765e-02       1.195102741075e+04 
       6.591926356351e-02       1.147228331810e+04 
       6.831836382711e-02       1.098772642095e+04 
       7.084667288960e-02       1.050667452422e+04 
       7.347168638513e-02       1.003705274937e+04 
       7.616463088753e-02       9.584529023767e+03 
       7.890303552584e-02       9.152476539129e+03 
       8.167083210407e-02       8.742429836442e+03 
       8.445719702925e-02       8.354661503644e+03 
       8.725511913668e-02       7.988672349429e+03 
       9.006016864215e-02       7.643538892627e+03 
       9.286958998144e-02       7.318135225760e+03 
       9.568168538176e-02       7.011265166392e+03 
       9.849541483496e-02       6.721736685820e+03 
       1.013101434158e-01       6.448401361148e+03 
       1.041254842160e-01       6.190173443728e+03 
       1.069412016492e-01       5.946037403182e+03 
       1.097571522660e-01       5.715049153138e+03 
       1.125732486540e-01       5.496333953642e+03 
       1.153894374648e-01       5.289082685025e+03 
       1.182056860551e-01       5.092547436480e+03 
       1.210219743709e-01       4.906036923312e+03 
       1.238382900188e-01       4.728912003649e+03 
       1.266546252720e-01       4.560581428960e+03 
       1.294709752525e-01       4.400497887046e+03 
       1.322873368257e-01       4.248154354900e+03 
       1.351037079291e-01       4.103080757013e+03 
       1.379200871629e-01       3.964840913769e+03 
       1.407364735411e-01       3.833029759664e+03 
       1.435528663387e-01       3.707270809518e+03 
       1.463692649990e-01       3.587213850975e+03 
       1.491856690758e-01       3.472532842684e+03 
       1.520020781974e-01       3.362923998952e+03 
       1.548184920450e-01       3.258104043310e+03 
       1.576349103380e-01       3.157808614967e+03 
       1.604513328249e-01       3.061790813692e+03 
       1.632677592777e-01       2.969819870039e+03 
       1.660841894872e-01       2.881679929132e+03 
       1.689006232607e-01       2.797168937398e+03 
       1.717170604191e-01       2.716097622701e+03 
       1.745335007961e-01       2.638288559242e+03 
       1.773499442364e-01       2.563575309502e+03 
       1.801663905946e-01       2.491801636209e+03 
       1.829828397348e-01       2.422820778045e+03 
       1.857992915294e-01       2.356494783382e+03 
       1.886157458584e-01       2.292693896929e+03 
       1.914322026091e-01       2.231295994617e+03 
       1.942486616754e-01       2.172186062552e+03 
       1.970651229572e-01       2.115255716196e+03 
       1.998815863603e-01       2.060402756363e+03 
       2.026980517955e-01       2.007530758881e+03 
       2.055145191789e-01       1.956548695097e+03 
       2.083309884308e-01       1.907370580649e+03 
       2.111474594759e-01       1.859915150163e+03 
       2.139639322431e-01       1.814105555746e+03 
       2.167804066646e-01       1.769869087343e+03 
       2.195968826766e-01       1.727136913194e+03 
       2.224133602181e-01       1.685843838772e+03 
       2.252298392315e-01       1.645928082751e+03 
       2.280463196619e-01       1.607331068652e+03 
       2.308628014570e-01       1.569997230950e+03 
       2.336792845673e-01       1.533873834520e+03 
       2.364957689455e-01       1.498910806397e+03 
       2.393122545466e-01       1.465060578918e+03 
       2.421287413276e-01       1.432277943383e+03 
       2.449452292476e-01       1.400519913440e+03 
       2.477617182676e-01       1.369745597493e+03 
       2.505782083502e-01       1.339916079438e+03 
       2.533946994599e-01       1.310994307152e+03 
       2.562111915625e-01       1.282944988136e+03 
       2.590276846255e-01       1.255734491836e+03 
       2.618441786178e-01       1.229330758132e+03 
       2.646606735095e-01       1.203703211581e+03 
       2.674771692720e-01       1.178822680993e+03 
       2.702936658781e-01       1.154661323987e+03 
       2.731101633014e-01       1.131192556161e+03 
       2.759266615168e-01       1.108390984581e+03 
       2.787431605002e-01       1.086232345271e+03 
       2.815596602284e-01       1.064693444461e+03 
       2.843761606792e-01       1.043752103315e+03 
       2.871926618313e-01       1.023387105922e+03 
       2.900091636640e-01       1.003578150335e+03 
       2.928256661577e-01       9.843058024497e+02 
       2.956421692933e-01       9.655514525400e+02 
       2.984586730527e-01       9.472972742876e+02 
       3.012751774182e-01       9.295261861335e+02 
       3.040916823730e-01       9.122218148102e+02 
       3.069081879006e-01       8.953684609157e+02 
       3.097246939855e-01       8.789510663999e+02 
       3.125412006125e-01       8.629551838451e+02 
       3.153577077670e-01       8.473669474291e+02 
       3.181742154349e-01       8.321730454677e+02 
       3.209907236027e-01       8.173606944399e+02 
       3.238072322573e-01       8.029176144058e+02 
       3.266237413859e-01       7.888320057340e+02 
       3.294402509765e-01       7.750925270593e+02 
       3.322567610172e-01       7.616882743982e+02 
       3.350732714965e-01       7.486087613542e+02 
       3.378897824036e-01       7.358439003473e+02 
       3.407062937277e-01       7.233839848109e+02 
       3.435228054586e-01       7.112196722978e+02 
       3.463393175862e-01       6.993419684436e+02 
       3.491558301010e-01       6.877422117400e+02 
       3.519723429936e-01       6.764120590695e+02 
       3.547888562550e-01       6.653434719615e+02 
       3.576053698764e-01       6.545287035270e+02 
       3.604218838493e-01       6.439602860356e+02 
       3.632383981656e-01       6.336310190990e+02 
       3.660549128173e-01       6.235339584272e+02 
       3.688714277967e-01       6.136624051271e+02 
       3.716879430962e-01       6.040098955128e+02 
       3.745044587088e-01       5.945701914021e+02 
       3.773209746272e-01       5.853372708700e+02 
       3.801374908447e-01       5.763053194389e+02 
       3.829540073547e-01       5.674687216781e+02 
       3.857705241507e-01       5.588220531951e+02 
       3.885870412265e-01       5.503600729953e+02 
       3.914035585761e-01       5.420777161922e+02 
       3.942200761935e-01       5.339700870504e+02 
       3.970365940730e-01       5.260324523430e+02 
       3.998531122091e-01       5.182602350088e+02 
       4.026696305964e-01       5.106490080931e+02 
       4.054861492296e-01       5.031944889585e+02 
       4.083026681035e-01       4.958925337511e+02 
       4.111191872134e-01       4.887391321114e+02 
       4.139357065542e-01       4.817304021148e+02 
       4.167522261213e-01       4.748625854336e+02 
       4.195687459102e-01       4.681320427075e+02 
       4.223852659164e-01       4.615352491126e+02 
       4.252017861355e-01       4.550687901209e+02 
       4.280183065634e-01       4.487293574388e+02 
       4.308348271959e-01       4.425137451182e+02 
       4.336513480290e-01       4.364188458305e+02 
       4.364678690588e-01       4.304416472961e+02 
       4.392843902816e-01       4.245792288631e+02 
       4.421009116937e-01       4.188287582267e+02 
       4.449174332913e-01       4.131874882833e+02 
       4.477339550711e-01       4.076527541141e+02 
       4.505504770296e-01       4.022219700901e+02 
       4.533669991634e-01       3.968926270955e+02 
       4.561835214693e-01       3.916622898615e+02 
       4.590000439442e-01       3.865285944080e+02 
       4.618165665848e-01       3.814892455858e+02 
       4.646330893883e-01       3.765420147173e+02 
       4.674496123516e-01       3.716847373295e+02 
       4.702661354718e-01       3.669153109756e+02 
       4.730826587462e-01       3.622316931419e+02 
       4.758991821720e-01       3.576318992360e+02 
       4.787157057465e-01       3.531140006519e+02 
       4.815322294672e-01       3.486761229099e+02 
       4.843487533314e-01       3.443164438673e+02 
       4.871652773366e-01       3.400331919972e+02 
       4.899818014804e-01       3.358246447323e+02 
       4.927983257605e-01       3.316891268705e+02 
       4.956148501745e-01       3.276250090412e+02 
       4.984313747201e-01       3.236307062276e+02 
       5.012478993951e-01       3.197046763443e+02 
       5.040644241973e-01       3.158454188673e+02 
       5.068809491247e-01       3.120514735140e+02 
       5.096974741750e-01       3.083214189718e+02 
       5.125139993463e-01       3.046538716724e+02 
       5.153305246367e-01       3.010474846107e+02 
       5.181470500440e-01       2.975009462063e+02 
       5.209635755666e-01       2.940129792052e+02 
       5.237801012024e-01       2.905823396213e+02 
       5.265966269496e-01       2.872078157150e+02 
       5.294131528066e-01       2.838882270080e+02 
       5.322296787715e-01       2.806224233330e+02 
       5.350462048426e-01       2.774092839156e+02 
       5.378627310182e-01       2.742477164897e+02 
       5.406792572968e-01       2.711366564420e+02 
       5.434957836766e-01       2.680750659874e+02 
       5.463123101562e-01       2.650619333713e+02 
       5.491288367340e-01       2.620962721002e+02 
       5.519453634085e-01       2.591771201983e+02 
       5.547618901782e-01       2.563035394886e+02 
       5.575784170417e-01       2.534746148994e+02 
       5.603949439975e-01       2.506894537924e+02 
       5.632114710443e-01       2.479471853154e+02 
       5.660279981807e-01       2.452469597741e+02 
       5.688445254054e-01       2.425879480271e+02 
       5.716610527170e-01       2.399693408987e+02 
       5.744775801143e-01       2.373903486127e+02 
       5.772941075960e-01       2.348502002433e+02 
       5.801106351609e-01       2.323481431849e+02 
       5.829271628077e-01       2.298834426386e+02 
       5.857436905354e-01       2.274553811151e+02 
       5.885602183427e-01       2.250632579541e+02 
       5.913767462285e-01       2.227063888584e+02 
       5.941932741916e-01       2.203841054435e+02 
       5.970098022311e-01       2.180957548007e+02 
       5.998263303457e-01       2.158406990750e+02 
       6.026428585345e-01       2.136183150551e+02 
       6.054593867963e-01       2.114279937775e+02 
       6.082759151303e-01       2.092691401416e+02 
       6.110924435353e-01       2.071411725376e+02 
       6.139089720104e-01       2.050435224860e+02 
       6.167255005547e-01       2.029756342877e+02 
       6.195420291672e-01       2.009369646849e+02 
       6.223585578470e-01       1.989269825327e+02 
       6.251750865931e-01       1.969451684802e+02 
       6.279916154046e-01       1.949910146618e+02 
       6.308081442808e-01       1.930640243974e+02 
       6.336246732207e-01       1.911637119018e+02 
       6.364412022234e-01       1.892896020023e+02 
       6.392577312882e-01       1.874412298660e+02 
       6.420742604142e-01       1.856181407333e+02 
       6.448907896006e-01       1.838198896611e+02 
       6.477073188467e-01       1.820460412724e+02 
       6.505238481516e-01       1.802961695136e+02 
       6.533403775146e-01       1.785698574189e+02 
       6.561569069349e-01       1.768666968818e+02 
       6.589734364119e-01       1.751862884325e+02 
       6.617899659447e-01       1.735282410228e+02 
       6.646064955327e-01       1.718921718158e+02 
       6.674230251751e-01       1.702777059831e+02 
       6.702395548714e-01       1.686844765068e+02 
       6.730560846207e-01       1.671121239874e+02 
       6.758726144225e-01       1.655602964571e+02 
       6.786891442760e-01       1.640286491986e+02 
       6.815056741807e-01       1.625168445687e+02 
       6.843222041359e-01       1.610245518270e+02 
       6.871387341410e-01       1.595514469691e+02 
       6.899552641953e-01       1.580972125652e+02 
       6.927717942984e-01       1.566615376020e+02 
       6.955883244495e-01       1.552441173301e+02 
       6.984048546481e-01       1.538446531146e+02 
       7.012213848936e-01       1.524628522909e+02 
       7.040379151855e-01       1.510984280232e+02 
       7.068544455231e-01       1.497510991677e+02 
       7.096709759061e-01       1.484205901396e+02 
       7.124875063337e-01       1.471066307826e+02 
       7.153040368056e-01       1.458089562433e+02 
       7.181205673211e-01       1.445273068481e+02 
       7.209370978797e-01       1.432614279835e+02 
       7.237536284810e-01       1.420110699799e+02 
       7.265701591245e-01       1.407759879980e+02 
       7.293866898096e-01       1.395559419189e+02 
       7.322032205360e-01       1.383506962360e+02 
       7.350197513030e-01       1.371600199511e+02 
       7.378362821102e-01       1.359836864719e+02 
       7.406528129573e-01       1.348214735134e+02 
       7.434693438436e-01       1.336731630006e+02 
       7.462858747689e-01       1.325385409747e+02 
       7.491024057326e-01       1.314173975014e+02 
       7.519189367343e-01       1.303095265812e+02 
       7.547354677736e-01       1.292147260628e+02 
       7.575519988500e-01       1.281327975578e+02 
       7.603685299632e-01       1.270635463581e+02 
       7.631850611127e-01       1.260067813556e+02 
       7.660015922982e-01       1.249623149629e+02 
       7.688181235192e-01       1.239299630374e+02 
       7.716346547754e-01       1.229095448064e+02 
       7.744511860664e-01       1.219008827940e+02 
       7.772677173917e-01       1.209038027506e+02 
       7.800842487511e-01       1.199181335829e+02 
       7.829007801441e-01       1.189437072874e+02 
       7.857173115704e-01       1.179803588835e+02 
       7.885338430296e-01       1.170279263498e+02 
       7.913503745214e-01       1.160862505615e+02 
       7.941669060454e-01       1.151551752289e+02 
       7.969834376013e-01       1.142345468380e+02 
       7.997999691888e-01       1.133242145921e+02 
       8.026165008075e-01       1.124240303552e+02 
       8.054330324571e-01       1.115338485963e+02 
       8.082495641372e-01       1.106535263357e+02 
       8.110660958476e-01       1.097829230916e+02 
       8.138826275880e-01       1.089219008291e+02 
       8.166991593579e-01       1.080703239096e+02 
       8.195156911572e-01       1.072280590416e+02 
       8.223322229855e-01       1.063949752331e+02 
       8.251487548425e-01       1.055709437441e+02 
       8.279652867279e-01       1.047558380417e+02 
       8.307818186415e-01       1.039495337545e+02 
       8.335983505829e-01       1.031519086298e+02 
       8.364148825519e-01       1.023628424906e+02 
       8.392314145482e-01       1.015822171938e+02 
       8.420479465715e-01       1.008099165899e+02 
       8.448644786215e-01       1.000458264830e+02 
       8.476810106980e-01       9.928983459213e+01 
       8.504975428007e-01       9.854183051337e+01 
       8.533140749294e-01       9.780170568257e+01 
       8.561306070838e-01       9.706935333931e+01 
       8.589471392636e-01       9.634466849145e+01 
       8.617636714686e-01       9.562754788053e+01 
       8.645802036986e-01       9.491788994797e+01 
       8.673967359532e-01       9.421559480199e+01 
       8.702132682324e-01       9.352056418534e+01 
       8.730298005357e-01       9.283270144363e+01 
       8.758463328631e-01       9.215191149453e+01 
       8.786628652142e-01       9.147810079749e+01 
       8.814793975888e-01       9.081117732428e+01 
       8.842959299868e-01       9.015105053003e+01 
       8.871124624078e-01       8.949763132504e+01 
       8.899289948517e-01       8.885083204714e+01 
       8.927455273182e-01       8.821056643467e+01 
       8.955620598072e-01       8.757674960002e+01 
       8.983785923184e-01       8.694929800381e+01 
       9.011951248517e-01       8.632812942958e+01 
       9.040116574067e-01       8.571316295905e+01 
       9.068281899834e-01       8.510431894787e+01 
       9.096447225814e-01       8.450151900198e+01 
       9.124612552007e-01       8.390468595438e+01 
       9.152777878409e-01       8.331374384245e+01 
       9.180943205020e-01       8.272861788575e+01 
       9.209108531837e-01       8.214923446428e+01 
       9.237273858858e-01       8.157552109722e+01 
       9.265439186082e-01       8.100740642208e+01 
       9.293604513507e-01       8.044482017432e+01 
       9.321769841130e-01       7.988769316741e+01 
       9.349935168951e-01       7.933595727328e+01 
       9.378100496966e-01       7.878954540319e+01 
       9.406265825176e-01       7.824839148897e+01 
       9.434431153577e-01       7.771243046474e+01 
       9.462596482168e-01       7.718159824889e+01 
       9.490761810947e-01       7.665583172650e+01 
       9.518927139913e-01       7.613506873215e+01 
       9.547092469064e-01       7.561924803297e+01 
       9.575257798398e-01       7.510830931219e+01 
       9.603423127915e-01       7.460219315289e+01 
       9.631588457611e-01       7.410084102216e+01 
       9.659753787486e-01       7.360419525559e+01 
       9.687919117538e-01       7.311219904197e+01 
       9.716084447766e-01       7.262479640845e+01 
       9.744249778167e-01       7.214193220588e+01 
       9.772415108741e-01       7.166355209452e+01 
       9.800580439486e-01       7.118960252995e+01 
       9.828745770400e-01       7.072003074938e+01 
       9.856911101483e-01       7.025478475812e+01 
       9.885076432732e-01       6.979381331642e+01 
       9.913241764146e-01       6.933706592645e+01 
       9.941407095724e-01       6.888449281967e+01 
       9.969572427465e-01       6.843604494433e+01 
       9.997737759366e-01       6.799167395335e+01 
       1.002590309143e+00       6.755133219225e+01 
       1.005406842365e+00       6.711497268755e+01 
       1.008223375602e+00       6.668254913515e+01 
       1.011039908856e+00       6.625401588916e+01 
       1.013856442124e+00       6.582932795079e+01 
       1.016672975408e+00       6.540844095751e+01 
       1.019489508707e+00       6.499131117245e+01 
       1.022306042021e+00       6.457789547395e+01 
       1.025122575351e+00       6.416815134535e+01 
       1.027939108695e+00       6.376203686493e+01 
       1.030755642053e+00       6.335951069612e+01 
       1.033572175426e+00       6.296053207781e+01 
       1.036388708814e+00       6.256506081491e+01 
       1.039205242216e+00       6.217305726904e+01 
       1.042021775632e+00       6.178448234943e+01 
       1.044838309062e+00       6.139929750399e+01 
       1.047654842507e+00       6.101746471053e+01 
       1.050471375965e+00       6.063894646814e+01 
       1.053287909437e+00       6.026370578877e+01 
       1.056104442922e+00       5.989170618893e+01 
       1.058920976421e+00       5.952291168155e+01 
       1.061737509934e+00       5.915728676803e+01 
       1.064554043460e+00       5.879479643034e+01 
       1.067370576999e+00       5.843540612342e+01 
       1.070187110551e+00       5.807908176756e+01 
       1.073003644116e+00       5.772578974101e+01 
       1.075820177694e+00       5.737549687275e+01 
       1.078636711285e+00       5.702817043528e+01 
       1.081453244889e+00       5.668377813768e+01 
       1.084269778505e+00       5.634228811868e+01 
       1.087086312134e+00       5.600366893992e+01 
       1.089902845775e+00       5.566788957933e+01 
       1.092719379429e+00       5.533491942460e+01 
       1.095535913094e+00       5.500472826680e+01 
       1.098352446772e+00       5.467728629406e+01 
       1.101168980462e+00       5.435256408547e+01 
       1.103985514164e+00       5.403053260496e+01 
       1.106802047878e+00       5.371116319537e+01 
       1.109618581603e+00       5.339442757263e+01 
       1.112435115340e+00       5.308029781999e+01 
       1.115251649089e+00       5.276874638240e+01 
       1.118068182849e+00       5.245974606097e+01 
       1.120884716621e+00       5.215327000751e+01 
       1.123701250404e+00       5.184929171924e+01 
       1.126517784198e+00       5.154778503346e+01 
       1.129334318003e+00       5.124872412247e+01 
       1.132150851820e+00       5.095208348846e+01 
       1.134967385647e+00       5.065783795852e+01 
       1.137783919485e+00       5.036596267978e+01 
       1.140600453334e+00       5.007643311460e+01 
       1.143416987194e+00       4.978922503581e+01 
       1.146233521065e+00       4.950431452211e+01 
       1.149050054946e+00       4.922167795348e+01 
       1.151866588838e+00       4.894129200669e+01 
       1.154683122740e+00       4.866313365094e+01 
       1.157499656652e+00       4.838718014347e+01 
       1.160316190575e+00       4.811340902533e+01 
       1.163132724508e+00       4.784179811720e+01 
       1.165949258451e+00       4.757232551526e+01 
       1.168765792404e+00       4.730496958716e+01 
       1.171582326367e+00       4.703970896803e+01 
       1.174398860340e+00       4.677652255660e+01 
       1.177215394323e+00       4.651538951131e+01 
       1.180031928316e+00       4.625628924658e+01 
       1.182848462318e+00       4.599920142907e+01 
       1.185664996330e+00       4.574410597402e+01 
       1.188481530351e+00       4.549098304168e+01 
       1.191298064382e+00       4.523981303377e+01 
       1.194114598423e+00       4.499057659001e+01 
       1.196931132473e+00       4.474325458468e+01 
       1.199747666532e+00       4.449782812332e+01 
       1.202564200600e+00       4.425427853934e+01 
       1.205380734678e+00       4.401258739086e+01 
       1.208197268764e+00       4.377273645745e+01 
       1.211013802860e+00       4.353470773703e+01 
       1.213830336965e+00       4.329848344274e+01 
       1.216646871078e+00       4.306404599994e+01 
       1.219463405201e+00       4.283137804316e+01 
       1.222279939332e+00       4.260046241324e+01 
       1.225096473472e+00       4.237128215437e+01 
       1.227913007620e+00       4.214382051124e+01 
       1.230729541778e+00       4.191806092629e+01 
       1.233546075943e+00       4.169398703690e+01 
       1.236362610118e+00       4.147158267270e+01 
       1.239179144300e+00       4.125083185292e+01 
       1.241995678492e+00       4.103171878372e+01 
       1.244812212691e+00       4.081422785564e+01 
       1.247628746899e+00       4.059834364103e+01 
       1.250445281114e+00       4.038405089158e+01 
       1.253261815338e+00       4.017133453583e+01 
       1.256078349571e+00       3.996017967676e+01 
       1.258894883811e+00       3.975057158939e+01 
       1.261711418059e+00       3.954249571845e+01 
       1.264527952315e+00       3.933593767607e+01 
       1.267344486579e+00       3.913088323946e+01 
       1.270161020851e+00       3.892731834874e+01 
       1.272977555130e+00       3.872522910468e+01 
       1.275794089418e+00       3.852460176658e+01 
       1.278610623713e+00       3.832542275008e+01 
       1.281427158015e+00       3.812767862509e+01 
       1.284243692326e+00       3.793135611371e+01 
       1.287060226643e+00       3.773644208821e+01 
       1.289876760969e+00       3.754292356900e+01 
       1.292693295301e+00       3.735078772266e+01 
       1.295509829641e+00       3.716002186000e+01 
       1.298326363988e+00       3.697061343413e+01 
       1.301142898343e+00       3.678255003861e+01 
       1.303959432705e+00       3.659581940557e+01 
       1.306775967074e+00       3.641040940384e+01 
       1.309592501450e+00       3.622630803723e+01 
       1.312409035833e+00       3.604350344271e+01 
       1.315225570224e+00       3.586198388865e+01 
       1.318042104621e+00       3.568173777313e+01 
       1.320858639025e+00       3.550275362223e+01 
       1.323675173437e+00       3.532502008837e+01 
       1.326491707855e+00       3.514852594866e+01 
       1.329308242280e+00       3.497326010328e+01 
       1.332124776711e+00       3.479921157388e+01 
       1.334941311150e+00       3.462636950203e+01 
       1.337757845595e+00       3.445472314765e+01 
       1.340574380047e+00       3.428426188751e+01 
       1.343390914505e+00       3.411497521367e+01 
       1.346207448970e+00       3.394685273209e+01 
       1.349023983442e+00       3.377988416111e+01 
       1.351840517920e+00       3.361405933001e+01 
       1.354657052404e+00       3.344936817764e+01 
       1.357473586895e+00       3.328580075098e+01 
       1.360290121392e+00       3.312334720380e+01 
       1.363106655896e+00       3.296199779529e+01 
       1.365923190406e+00       3.280174288870e+01 
       1.368739724922e+00       3.264257295011e+01 
       1.371556259444e+00       3.248447854702e+01 
       1.374372793973e+00       3.232745034718e+01 
       1.377189328508e+00       3.217147911725e+01 
       1.380005863048e+00       3.201655572161e+01 
       1.382822397595e+00       3.186267112113e+01 
       1.385638932148e+00       3.170981637195e+01 
       1.388455466707e+00       3.155798262430e+01 
       1.391272001272e+00       3.140716112133e+01 
       1.394088535842e+00       3.125734319798e+01 
       1.396905070419e+00       3.110852027981e+01 
       1.399721605001e+00       3.096068388188e+01 
       1.402538139590e+00       3.081382560767e+01 
       1.405354674184e+00       3.066793714799e+01 
       1.408171208783e+00       3.052301027990e+01 
       1.410987743389e+00       3.037903686561e+01 
       1.413804278000e+00       3.023600885153e+01 
       1.416620812617e+00       3.009391826716e+01 
       1.419437347239e+00       2.995275722410e+01 
       1.422253881867e+00       2.981251791506e+01 
       1.425070416501e+00       2.967319261288e+01 
       1.427886951140e+00       2.953477366955e+01 
       1.430703485784e+00       2.939725351523e+01 
       1.433520020434e+00       2.926062465735e+01 
       1.436336555089e+00       2.912487967963e+01 
       1.439153089750e+00       2.899001124120e+01 
       1.441969624416e+00       2.885601207569e+01 
       1.444786159088e+00       2.872287499031e+01 
       1.447602693764e+00       2.859059286499e+01 
       1.450419228446e+00       2.845915865151e+01 
       1.453235763133e+00       2.832856537264e+01 
       1.456052297826e+00       2.819880612130e+01 
       1.458868832523e+00       2.806987405972e+01 
       1.461685367226e+00       2.794176241862e+01 
       1.464501901933e+00       2.781446449640e+01 
       1.467318436646e+00       2.768797365834e+01 
       1.470134971364e+00       2.756228333581e+01 
       1.472951506087e+00       2.743738702550e+01 
       1.475768040815e+00       2.731327828865e+01 
       1.478584575548e+00       2.718995075027e+01 
       1.481401110285e+00       2.706739809843e+01 
       1.484217645028e+00       2.694561408351e+01 
       1.487034179775e+00       2.682459251746e+01 
       1.489850714528e+00       2.670432727308e+01 
       1.492667249285e+00       2.658481228336e+01 
       1.495483784047e+00       2.646604154071e+01 
       1.498300318814e+00       2.634800909633e+01 
       1.501116853585e+00       2.623070905951e+01 
       1.503933388361e+00       2.611413559695e+01 
       1.506749923142e+00       2.599828293212e+01 
       1.509566457928e+00       2.588314534457e+01 
       1.512382992718e+00       2.576871716935e+01 
       1.515199527512e+00       2.565499279630e+01 
       1.518016062312e+00       2.554196666948e+01 
       1.520832597116e+00       2.542963328653e+01 
       1.523649131924e+00       2.531798719805e+01 
       1.526465666737e+00       2.520702300701e+01 
       1.529282201554e+00       2.509673536816e+01 
       1.532098736376e+00       2.498711898743e+01 
       1.534915271202e+00       2.487816862135e+01 
       1.537731806033e+00       2.476987907651e+01 
       1.540548340868e+00       2.466224520894e+01 
       1.543364875708e+00       2.455526192361e+01 
       1.546181410551e+00       2.444892417384e+01 
       1.548997945399e+00       2.434322696077e+01 
       1.551814480252e+00       2.423816533284e+01 
       1.554631015108e+00       2.413373438524e+01 
       1.557447549969e+00       2.402992925939e+01 
       1.560264084834e+00       2.392674514245e+01 
       1.563080619703e+00       2.382417726677e+01 
       1.565897154577e+00       2.372222090944e+01 
       1.568713689454e+00       2.362087139173e+01 
       1.571530224336e+00       2.352012407867e+01 
       1.574346759222e+00       2.341997437852e+01 
       1.577163294112e+00       2.332041774230e+01 
       1.579979829006e+00       2.322144966334e+01 
       1.582796363904e+00       2.312306567680e+01 
       1.585612898806e+00       2.302526135920e+01 
       1.588429433712e+00       2.292803232799e+01 
       1.591245968622e+00       2.283137424110e+01 
       1.594062503536e+00       2.273528279648e+01 
       1.596879038454e+00       2.263975373168e+01 
       1.599695573375e+00       2.254478282341e+01 
       1.602512108301e+00       2.245036588713e+01 
       1.605328643231e+00       2.235649877661e+01 
       1.608145178164e+00       2.226317738352e+01 
       1.610961713101e+00       2.217039763705e+01 
       1.613778248042e+00       2.207815550345e+01 
       1.616594782987e+00       2.198644698568e+01 
       1.619411317936e+00       2.189526812299e+01 
       1.622227852888e+00       2.180461499056e+01 
       1.625044387844e+00       2.171448369906e+01 
       1.627860922804e+00       2.162487039433e+01 
       1.630677457767e+00       2.153577125696e+01 
       1.633493992735e+00       2.144718250195e+01 
       1.636310527705e+00       2.135910037833e+01 
       1.639127062680e+00       2.127152116880e+01 
       1.641943597658e+00       2.118444118936e+01 
       1.644760132640e+00       2.109785678900e+01 
       1.647576667625e+00       2.101176434929e+01 
       1.650393202614e+00       2.092616028409e+01 
       1.653209737606e+00       2.084104103918e+01 
       1.656026272602e+00       2.075640309193e+01 
       1.658842807601e+00       2.067224295098e+01 
       1.661659342604e+00       2.058855715589e+01 
       1.664475877610e+00       2.050534227683e+01 
       1.667292412620e+00       2.042259491427e+01 
       1.670108947633e+00       2.034031169865e+01 
       1.672925482650e+00       2.025848929007e+01 
       1.675742017670e+00       2.017712437797e+01 
       1.678558552694e+00       2.009621368084e+01 
       1.681375087720e+00       2.001575394595e+01 
       1.684191622750e+00       1.993574194897e+01 
       1.687008157784e+00       1.985617449375e+01 
       1.689824692821e+00       1.977704841201e+01 
       1.692641227861e+00       1.969836056304e+01 
       1.695457762904e+00       1.962010783342e+01 
       1.698274297951e+00       1.954228713674e+01 
       1.701090833001e+00       1.946489541334e+01 
       1.703907368054e+00       1.938792963002e+01 
       1.706723903110e+00       1.931138677977e+01 
       1.709540438170e+00       1.923526388149e+01 
       1.712356973233e+00       1.915955797977e+01 
       1.715173508299e+00       1.908426614459e+01 
       1.717990043368e+00       1.900938547106e+01 
       1.720806578440e+00       1.893491307919e+01 
       1.723623113515e+00       1.886084611362e+01 
       1.726439648594e+00       1.878718174339e+01 
       1.729256183675e+00       1.871391716165e+01 
       1.732072718760e+00       1.864104958549e+01 
       1.734889253848e+00       1.856857625562e+01 
       1.737705788938e+00       1.849649443619e+01 
       1.740522324032e+00       1.842480141453e+01 
       1.743338859129e+00       1.835349450092e+01 
       1.746155394229e+00       1.828257102836e+01 
       1.748971929332e+00       1.821202835236e+01 
       1.751788464437e+00       1.814186385069e+01 
       1.754604999546e+00       1.807207492318e+01 
       1.757421534658e+00       1.800265899147e+01 
       1.760238069772e+00       1.793361349884e+01 
       1.763054604890e+00       1.786493590996e+01 
       1.765871140010e+00       1.779662371070e+01 
       1.768687675134e+00       1.772867440788e+01 
       1.771504210260e+00       1.766108552914e+01 
       1.774320745389e+00       1.759385462264e+01 
       1.777137280521e+00       1.752697925694e+01 
       1.779953815656e+00       1.746045702076e+01 
       1.782770350793e+00       1.739428552278e+01 
       1.785586885934e+00       1.732846239147e+01 
       1.788403421077e+00       1.726298527485e+01 
       1.791219956223e+00       1.719785184036e+01 
       1.794036491372e+00       1.713305977463e+01 
       1.796853026523e+00       1.706860678331e+01 
       1.799669561678e+00       1.700449059087e+01 
       1.802486096835e+00       1.694070894043e+01 
       1.805302631994e+00       1.687725959357e+01 
       1.808119167157e+00       1.681414033018e+01 
       1.810935702322e+00       1.675134894824e+01 
       1.813752237490e+00       1.668888326368e+01 
       1.816568772660e+00       1.662674111017e+01 
       1.819385307833e+00       1.656492033901e+01 
       1.822201843009e+00       1.650341881889e+01 
       1.825018378187e+00       1.644223443579e+01 
       1.827834913368e+00       1.638136509276e+01 
       1.830651448552e+00       1.632080870979e+01 
       1.833467983738e+00       1.626056322363e+01 
       1.836284518927e+00       1.620062658765e+01 
       1.839101054118e+00       1.614099677165e+01 
       1.841917589312e+00       1.608167176175e+01 
       1.844734124509e+00       1.602264956020e+01 
       1.847550659708e+00       1.596392818522e+01 
       1.850367194909e+00       1.590550567089e+01 
       1.853183730114e+00       1.584738006697e+01 
       1.856000265320e+00       1.578954943874e+01 
       1.858816800529e+00       1.573201186691e+01 
       1.861633335741e+00       1.567476544740e+01 
       2.343657409796e+00       8.970261084008e+00 
       2.950489869685e+00       5.097127771571e+00 
       3.714446674188e+00       2.877190249641e+00 
       4.676211308889e+00       1.614104893667e+00 
       5.887001247680e+00       9.003364454039e-01 
       7.411295469968e+00       4.995388886957e-01 
       9.330268201458e+00       2.758019057494e-01 
       1.174611173767e+01       1.515829488325e-01 
       1.478747855633e+01       8.296196989720e-02 
       1.861633253092e+01       4.522956438379e-02 
       2.343657409759e+01       2.457016344582e-02 
       2.950489869685e+01       1.330309246783e-02 
       3.714446674188e+01       7.180625806902e-03 
       4.676211308889e+01       3.864858281928e-03 
       5.887001247680e+01       2.074693570482e-03 
       7.411295469968e+01       1.110971225477e-03 
       9.330268201458e+01       5.935428595024e-04 
       1.174611173767e+02       3.164223039881e-04 
       1.478747855633e+02       1.683476872645e-04 
