# Matter power spectrum P(k) at redshift z=0
# for k=9.1423e-06 to 147.875 h/Mpc,
# number of wavenumbers equal to 1050
#    1:k (h/Mpc)              2:P (Mpc/h)^3        
       9.142301902038e-06       5.447706888682e+01 
       2.042836597042e-05       1.207250520416e+02 
       3.174488752173e-05       1.867502080238e+02 
       4.311522865390e-05       2.528360789408e+02 
       5.456304853649e-05       3.191830013405e+02 
       6.611246550713e-05       3.859645935578e+02 
       7.778822318636e-05       4.533441695665e+02 
       8.961586233824e-05       5.214817193144e+02 
       1.016219002179e-04       5.905378220492e+02 
       1.138340191660e-04       6.606762154548e+02 
       1.262812662254e-04       7.320658124450e+02 
       1.389942655637e-04       8.048823813980e+02 
       1.520054454676e-04       8.793101328425e+02 
       1.653492816298e-04       9.555432654912e+02 
       1.790625583411e-04       1.033787474240e+03 
       1.931846490226e-04       1.114261542942e+03 
       2.077578172346e-04       1.197198955027e+03 
       2.228275388594e-04       1.282849587789e+03 
       2.384428455003e-04       1.371481452906e+03 
       2.546566882281e-04       1.463382505200e+03 
       2.715263195374e-04       1.558862472083e+03 
       2.891136896784e-04       1.658254728560e+03 
       3.074858512794e-04       1.761918067459e+03 
       3.267153632765e-04       1.870238457530e+03 
       3.468806814870e-04       1.983630559294e+03 
       3.680665186256e-04       2.102538980066e+03 
       3.903641511005e-04       2.227439083427e+03 
       4.138716435752e-04       2.358837198515e+03 
       4.386939552177e-04       2.497269998438e+03 
       4.649428841519e-04       2.643302829311e+03 
       4.927367995586e-04       2.797526649684e+03 
       5.222001051978e-04       2.960553330971e+03 
       5.534623753241e-04       3.133009022641e+03 
       5.866571059730e-04       3.315525118557e+03 
       6.219200336200e-04       3.508726956453e+03 
       6.593869915032e-04       3.713219966986e+03 
       6.991913031280e-04       3.929573051859e+03 
       7.414607530734e-04       4.158300385293e+03 
       7.863142254615e-04       4.399841400907e+03 
       8.338581557634e-04       4.654540393807e+03 
       8.841829943470e-04       4.922627014320e+03 
       9.373599203089e-04       5.204199057948e+03 
       9.934380610870e-04       5.499208838963e+03 
       1.052442458731e-03       5.807455164981e+03 
       1.114372974288e-03       6.128581339759e+03 
       1.179204241559e-03       6.462079834021e+03 
       1.246886681911e-03       6.807303464336e+03 
       1.317348489320e-03       7.163482907959e+03 
       1.390498406856e-03       7.529747316203e+03 
       1.466229056198e-03       7.905148193694e+03 
       1.544420557523e-03       8.288684263553e+03 
       1.624944187283e-03       8.679325640655e+03 
       1.707665858822e-03       9.076035767890e+03 
       1.792449264561e-03       9.477791548879e+03 
       1.879158577464e-03       9.883599206533e+03 
       1.967660664612e-03       1.029250803716e+04 
       2.057826811067e-03       1.070362014964e+04 
       2.149533985243e-03       1.111611232904e+04 
       2.242665697758e-03       1.152918407194e+04 
       2.337112516074e-03       1.194211895647e+04 
       2.432772299396e-03       1.235426339837e+04 
       2.529550215073e-03       1.276502302733e+04 
       2.627358591245e-03       1.317386342245e+04 
       2.726116652414e-03       1.358030353095e+04 
       2.825750176298e-03       1.398391307861e+04 
       2.926191102443e-03       1.438431036743e+04 
       3.027377116072e-03       1.478115668327e+04 
       3.129251224687e-03       1.517415227385e+04 
       3.231761340098e-03       1.556303485032e+04 
       3.334859874634e-03       1.594757428091e+04 
       3.438503357277e-03       1.632757125700e+04 
       3.542652073199e-03       1.670285228374e+04 
       3.647269728439e-03       1.707326966467e+04 
       3.752323140264e-03       1.743869503968e+04 
       3.857781952900e-03       1.779902430619e+04 
       3.963618377711e-03       1.815415919338e+04 
       4.069806956582e-03       1.850403595568e+04 
       4.176324346991e-03       1.884858852311e+04 
       4.283149127218e-03       1.918777052566e+04 
       4.390261620052e-03       1.952154212819e+04 
       4.497643733425e-03       1.984988377125e+04 
       4.605278816460e-03       2.017276738024e+04 
       4.713151529487e-03       2.049018775174e+04 
       4.821247726712e-03       2.080214636124e+04 
       4.929554350285e-03       2.110864312804e+04 
       5.038059334664e-03       2.140968388733e+04 
       5.146751520224e-03       2.170529036058e+04 
       5.255620575196e-03       2.199547872028e+04 
       5.364656925092e-03       2.228027922917e+04 
       5.473851688853e-03       2.255970228953e+04 
       5.583196621035e-03       2.283379793264e+04 
       5.692684059437e-03       2.310258672505e+04 
       5.802306877601e-03       2.336610802408e+04 
       5.912058441713e-03       2.362439750595e+04 
       6.021932571446e-03       2.387749503278e+04 
       6.131923504366e-03       2.412543306579e+04 
       6.242025863534e-03       2.436828646640e+04 
       6.352234628010e-03       2.460606529874e+04 
       6.462545105948e-03       2.483882139961e+04 
       6.572952910051e-03       2.506660689641e+04 
       6.683453935152e-03       2.528946688599e+04 
       6.794044337716e-03       2.550745136727e+04 
       6.904720517079e-03       2.572059724276e+04 
       7.015479098275e-03       2.592896602621e+04 
       7.126316916277e-03       2.613259164850e+04 
       7.237231001548e-03       2.633153846474e+04 
       7.348218566769e-03       2.652584280288e+04 
       7.459276994633e-03       2.671556354022e+04 
       7.570403826622e-03       2.690074086940e+04 
       7.681596752669e-03       2.708144481549e+04 
       7.792853601634e-03       2.725770022259e+04 
       7.904172332519e-03       2.742955769930e+04 
       8.015551026358e-03       2.759708905504e+04 
       8.126987878725e-03       2.776032491202e+04 
       8.238481192813e-03       2.791929900434e+04 
       8.350029373024e-03       2.807410697482e+04 
       8.461630919043e-03       2.822475355572e+04 
       8.573284420341e-03       2.837130123854e+04 
       8.684988551082e-03       2.851378425493e+04 
       8.796742065404e-03       2.865228049257e+04 
       8.908543793029e-03       2.878681502421e+04 
       9.020392635194e-03       2.891744880329e+04 
       9.132287560868e-03       2.904419875101e+04 
       9.244227603231e-03       2.916714980401e+04 
       9.356211856406e-03       2.928635193133e+04 
       9.468239472414e-03       2.940179331536e+04 
       9.580309658337e-03       2.951355920974e+04 
       9.692421673679e-03       2.962169814542e+04 
       9.804574827907e-03       2.972625842960e+04 
       9.916768478159e-03       2.982725814494e+04 
       1.002900202710e-02       2.992475603882e+04 
       1.014127492095e-02       3.001879534725e+04 
       1.025358664760e-02       3.010943876653e+04 
       1.036593673488e-02       3.019670563969e+04 
       1.047832474897e-02       3.028062401625e+04 
       1.059075029286e-02       3.036127801093e+04 
       1.070321300496e-02       3.043866117224e+04 
       1.081571255778e-02       3.051289011264e+04 
       1.092824865671e-02       3.058391506935e+04 
       1.104082103886e-02       3.065184183730e+04 
       1.115342947205e-02       3.071667791825e+04 
       1.126607375373e-02       3.077846324868e+04 
       1.137875371015e-02       3.083726790209e+04 
       1.149146919543e-02       3.089310607895e+04 
       1.160422009082e-02       3.094603518419e+04 
       1.171700630389e-02       3.099606929579e+04 
       1.182982776790e-02       3.104325163887e+04 
       1.194268444115e-02       3.108765363780e+04 
       1.205557630635e-02       3.112924869920e+04 
       1.216850337014e-02       3.116814350889e+04 
       1.228146566253e-02       3.120434645980e+04 
       1.239446323645e-02       3.123785809849e+04 
       1.250749616736e-02       3.126878409253e+04 
       1.262056455281e-02       3.129711075082e+04 
       1.273366851212e-02       3.132288775049e+04 
       1.284680818605e-02       3.134615260620e+04 
       1.295998373653e-02       3.136693858253e+04 
       1.307319534634e-02       3.138524611843e+04 
       1.318644321896e-02       3.140120968341e+04 
       1.329972757831e-02       3.141500066625e+04 
       1.341304866858e-02       3.142633442818e+04 
       1.352640675410e-02       3.143522644919e+04 
       1.363980211921e-02       3.144181850440e+04 
       1.375323506810e-02       3.144620669547e+04 
       1.386670592483e-02       3.144834867451e+04 
       1.398021503316e-02       3.144832675968e+04 
       1.409376275660e-02       3.144616654393e+04 
       1.420734947833e-02       3.144183145869e+04 
       1.432097560123e-02       3.143544826184e+04 
       1.443464154790e-02       3.142700666353e+04 
       1.454834776069e-02       3.141653732615e+04 
       1.466209470175e-02       3.140404867356e+04 
       1.477588285314e-02       3.138957455885e+04 
       1.488971271689e-02       3.137317371049e+04 
       1.500358481509e-02       3.135491477842e+04 
       1.511749969009e-02       3.133469720064e+04 
       1.523145790458e-02       3.131266406418e+04 
       1.534546004177e-02       3.128883616540e+04 
       1.545950670556e-02       3.126316576751e+04 
       1.557359852077e-02       3.123575354808e+04 
       1.568773613330e-02       3.120655434739e+04 
       1.580192021036e-02       3.117569931798e+04 
       1.591615144076e-02       3.114312345821e+04 
       1.603043053512e-02       3.110893241817e+04 
       1.614475822615e-02       3.107303924072e+04 
       1.625913526894e-02       3.103555372988e+04 
       1.637356244130e-02       3.099653437525e+04 
       1.648804054401e-02       3.095596127703e+04 
       1.660257040124e-02       3.091383726367e+04 
       1.671715286081e-02       3.087023969179e+04 
       1.683178879467e-02       3.082511315166e+04 
       1.694647909916e-02       3.077857300141e+04 
       1.706122469554e-02       3.073062363086e+04 
       1.717602653029e-02       3.068123698530e+04 
       1.729088557565e-02       3.063050239886e+04 
       1.740580282999e-02       3.057841652506e+04 
       1.752077931833e-02       3.052504374863e+04 
       1.763581609284e-02       3.047029547776e+04 
       1.775091423327e-02       3.041431848252e+04 
       1.786607484759e-02       3.035711422936e+04 
       1.798129907241e-02       3.029862592230e+04 
       1.809658807367e-02       3.023898878536e+04 
       1.821194304711e-02       3.017809826342e+04 
       1.832736521894e-02       3.011609008955e+04 
       1.844285584646e-02       3.005299330085e+04 
       1.855841621868e-02       2.998869851250e+04 
       1.867404765700e-02       2.992338674103e+04 
       1.878975151591e-02       2.985699478917e+04 
       1.890552918366e-02       2.978956979214e+04 
       1.902138208306e-02       2.972105916565e+04 
       1.913731167218e-02       2.965162206056e+04 
       1.925331944516e-02       2.958117165730e+04 
       1.936940693303e-02       2.950971228220e+04 
       1.948557570450e-02       2.943739543336e+04 
       1.960182736688e-02       2.936407304887e+04 
       1.971816356692e-02       2.929005219770e+04 
       1.983458599175e-02       2.921499395666e+04 
       1.995109636982e-02       2.913908336772e+04 
       2.006769647190e-02       2.906244814584e+04 
       2.018438811204e-02       2.898484893542e+04 
       2.030117314864e-02       2.890654127570e+04 
       2.041805348555e-02       2.882747709954e+04 
       2.053503107310e-02       2.874764027479e+04 
       2.065210790932e-02       2.866709569352e+04 
       2.076928604110e-02       2.858574949091e+04 
       2.088656756536e-02       2.850370698744e+04 
       2.100395463038e-02       2.842101085637e+04 
       2.112144943704e-02       2.833769787693e+04 
       2.123905424017e-02       2.825367682628e+04 
       2.135677134997e-02       2.816904757693e+04 
       2.147460313338e-02       2.808386870658e+04 
       2.159255201561e-02       2.799804936009e+04 
       2.171062048161e-02       2.791162692654e+04 
       2.182881107768e-02       2.782464358504e+04 
       2.194712641310e-02       2.773718372693e+04 
       2.206556916176e-02       2.764910766755e+04 
       2.218414206396e-02       2.756060970215e+04 
       2.230284792814e-02       2.747157102892e+04 
       2.242168963278e-02       2.738204370489e+04 
       2.254067012831e-02       2.729209979884e+04 
       2.265979243906e-02       2.720170533949e+04 
       2.277905966536e-02       2.711084011154e+04 
       2.289847498562e-02       2.701953493329e+04 
       2.301804165853e-02       2.692794313174e+04 
       2.313776302535e-02       2.683590052212e+04 
       2.325764251225e-02       2.674347760956e+04 
       2.337768363273e-02       2.665068860017e+04 
       2.349788999016e-02       2.655755918661e+04 
       2.361826528040e-02       2.646408137839e+04 
       2.373881329446e-02       2.637031039245e+04 
       2.385953792133e-02       2.627615514090e+04 
       2.398044315090e-02       2.618192434591e+04 
       2.410153307694e-02       2.608731479040e+04 
       2.422281190023e-02       2.599235653299e+04 
       2.434428393182e-02       2.589720446477e+04 
       2.446595359636e-02       2.580189417994e+04 
       2.458782543558e-02       2.570623167774e+04 
       2.470990411197e-02       2.561040818080e+04 
       2.483219441246e-02       2.551437103151e+04 
       2.495470125236e-02       2.541822861318e+04 
       2.507742967943e-02       2.532178671681e+04 
       2.520038487806e-02       2.522526343788e+04 
       2.532357217365e-02       2.512849295513e+04 
       2.544699703721e-02       2.503165510970e+04 
       2.557066509004e-02       2.493466020886e+04 
       2.569458210868e-02       2.483757051917e+04 
       2.581875403005e-02       2.474029312171e+04 
       2.594318695678e-02       2.464299860070e+04 
       2.606788716274e-02       2.454551989336e+04 
       2.619286109890e-02       2.444803100888e+04 
       2.631811539930e-02       2.435047039933e+04 
       2.644365688737e-02       2.425278686111e+04 
       2.656949258250e-02       2.415514603384e+04 
       2.669562970688e-02       2.405739744871e+04 
       2.682207569261e-02       2.395953845636e+04 
       2.694883818922e-02       2.386165080304e+04 
       2.707592507139e-02       2.376388956863e+04 
       2.720334444715e-02       2.366604034565e+04 
       2.733110466633e-02       2.356815035693e+04 
       2.745921432949e-02       2.347025289577e+04 
       2.758768229717e-02       2.337244076169e+04 
       2.771651769967e-02       2.327462621945e+04 
       2.784572994721e-02       2.317672650997e+04 
       2.797532874062e-02       2.307893841713e+04 
       2.810532408246e-02       2.298121332098e+04 
       2.823572628878e-02       2.288360409058e+04 
       2.836654600141e-02       2.278590000781e+04 
       2.849779420081e-02       2.268824930614e+04 
       2.862948221961e-02       2.259069181753e+04 
       2.876162175681e-02       2.249326544537e+04 
       2.889422489271e-02       2.239582581128e+04 
       2.902730410456e-02       2.229855028489e+04 
       2.916087228309e-02       2.220129914623e+04 
       2.929494274984e-02       2.210419093114e+04 
       2.942952927541e-02       2.200711736199e+04 
       2.956464609872e-02       2.191016905180e+04 
       2.970030794728e-02       2.181327820060e+04 
       2.983653005854e-02       2.171651528597e+04 
       2.997332820245e-02       2.161987674005e+04 
       3.011071870525e-02       2.152332656369e+04 
       3.024871847465e-02       2.142691025327e+04 
       3.038734502633e-02       2.133059720682e+04 
       3.052661651207e-02       2.123445623637e+04 
       3.066655174945e-02       2.113847221247e+04 
       3.080717025335e-02       2.104246974754e+04 
       3.094849226925e-02       2.094667840347e+04 
       3.109053880859e-02       2.085104253224e+04 
       3.123333168627e-02       2.075545703711e+04 
       3.137689356045e-02       2.066003274694e+04 
       3.152124797482e-02       2.056484650257e+04 
       3.166641940356e-02       2.046980918465e+04 
       3.181243329916e-02       2.037478200122e+04 
       3.195931614334e-02       2.027993641412e+04 
       3.210709550131e-02       2.018520302004e+04 
       3.225580007958e-02       2.009063661019e+04 
       3.240545978774e-02       1.999626264489e+04 
       3.255610580438e-02       1.990200071615e+04 
       3.270777064756e-02       1.980785830474e+04 
       3.286048825027e-02       1.971380116153e+04 
       3.301429404117e-02       1.962002236849e+04 
       3.316922503112e-02       1.952630796161e+04 
       3.332531990612e-02       1.943271918079e+04 
       3.348261912700e-02       1.933922068434e+04 
       3.364116503662e-02       1.924597554810e+04 
       3.380100197525e-02       1.915279757781e+04 
       3.396217640486e-02       1.905973769959e+04 
       3.412473704305e-02       1.896681295980e+04 
       3.428873500773e-02       1.887384669061e+04 
       3.445422397347e-02       1.878122052667e+04 
       3.462126034056e-02       1.868856777403e+04 
       3.478990341831e-02       1.859613288006e+04 
       3.496021562374e-02       1.850376173211e+04 
       3.513226269738e-02       1.841141866830e+04 
       3.530611393793e-02       1.831920502139e+04 
       3.548184245786e-02       1.822710148576e+04 
       3.565952546193e-02       1.813507167193e+04 
       3.583924455151e-02       1.804314019360e+04 
       3.602108605724e-02       1.795125907265e+04 
       3.620514140343e-02       1.785938485796e+04 
       3.639150750778e-02       1.776753130726e+04 
       3.658028722053e-02       1.767575151216e+04 
       3.677158980783e-02       1.758398345972e+04 
       3.696553148464e-02       1.749230415619e+04 
       3.716223600330e-02       1.740055804974e+04 
       3.736183530482e-02       1.730877089988e+04 
       3.756447024092e-02       1.721708331927e+04 
       3.777029137619e-02       1.712526368922e+04 
       3.797945988100e-02       1.703337859760e+04 
       3.819214852768e-02       1.694148852328e+04 
       3.840854280422e-02       1.684948373326e+04 
       3.862884216247e-02       1.675736472699e+04 
       3.885326142018e-02       1.666515292091e+04 
       3.908203234004e-02       1.657272671831e+04 
       3.931540541240e-02       1.648015276817e+04 
       3.955365187363e-02       1.638739720158e+04 
       3.979706599746e-02       1.629440927667e+04 
       4.004596770395e-02       1.620117683445e+04 
       4.030070553905e-02       1.610765176745e+04 
       4.056166008822e-02       1.601377949799e+04 
       4.082924790010e-02       1.591960842649e+04 
       4.110392601194e-02       1.582499764859e+04 
       4.138619718772e-02       1.572998804316e+04 
       4.167661600346e-02       1.563439860008e+04 
       4.197579594424e-02       1.553834962663e+04 
       4.228441771406e-02       1.544162005895e+04 
       4.260323900618e-02       1.534426268409e+04 
       4.293310604007e-02       1.524609493076e+04 
       4.327496724488e-02       1.514709952371e+04 
       4.362988956264e-02       1.504714209406e+04 
       4.399907796400e-02       1.494618868702e+04 
       4.438389892014e-02       1.484403557729e+04 
       4.478590876842e-02       1.474053214651e+04 
       4.520688815505e-02       1.463556160200e+04 
       4.564888405036e-02       1.452888179813e+04 
       4.611426122503e-02       1.442026598621e+04 
       4.660576556318e-02       1.430937859130e+04 
       4.712660217591e-02       1.419602009841e+04 
       4.768053195728e-02       1.407967424257e+04 
       4.827199093337e-02       1.395983116803e+04 
       4.890623734290e-02       1.383589717503e+04 
       4.958953149782e-02       1.370701929477e+04 
       5.032935236083e-02       1.357217769128e+04 
       5.113465095559e-02       1.343008299311e+04 
       5.201613138512e-02       1.327896503281e+04 
       5.298653040459e-02       1.311652749655e+04 
       5.406082827785e-02       1.293978125919e+04 
       5.525625699353e-02       1.274475284536e+04 
       5.659187133660e-02       1.252637777764e+04 
       5.808733473876e-02       1.227825993488e+04 
       5.976053863449e-02       1.199318842883e+04 
       6.162393201301e-02       1.166379313827e+04 
       6.368022441642e-02       1.128449358049e+04 
       6.591927076992e-02       1.085401525663e+04 
       6.831837140742e-02       1.037767492953e+04 
       7.084668078955e-02       9.867928129236e+03 
       7.347169455168e-02       9.342630501105e+03 
       7.616463927640e-02       8.821672577138e+03 
       7.890304410401e-02       8.323522677625e+03 
       8.167084084864e-02       7.862641012577e+03 
       8.445720592514e-02       7.448488755441e+03 
       8.725512817425e-02       7.085145238177e+03 
       9.006017781535e-02       6.772204080146e+03 
       9.286959928654e-02       6.505567058641e+03 
       9.568169481647e-02       6.278628261747e+03 
       9.849542439788e-02       6.083353106578e+03 
       1.013101531060e-01       5.911059795982e+03 
       1.041254940331e-01       5.753476067240e+03 
       1.069412115928e-01       5.603174288632e+03 
       1.097571623359e-01       5.454262655272e+03 
       1.125732588501e-01       5.302709051787e+03 
       1.153894477870e-01       5.146347674127e+03 
       1.182056965034e-01       4.984919884995e+03 
       1.210219849452e-01       4.819667224728e+03 
       1.238383007192e-01       4.652975191788e+03 
       1.266546360984e-01       4.487805256146e+03 
       1.294709862049e-01       4.327228635851e+03 
       1.322873479042e-01       4.174005189108e+03 
       1.351037191336e-01       4.030274220372e+03 
       1.379200984934e-01       3.897403517990e+03 
       1.407364849975e-01       3.775949359332e+03 
       1.435528779211e-01       3.665723745432e+03 
       1.463692767075e-01       3.565922825378e+03 
       1.491856809102e-01       3.475284049380e+03 
       1.520020901579e-01       3.392279455401e+03 
       1.548185041315e-01       3.315263468388e+03 
       1.576349225504e-01       3.242638189851e+03 
       1.604513451633e-01       3.172971624924e+03 
       1.632677717421e-01       3.105090828897e+03 
       1.660842020777e-01       3.038146528268e+03 
       1.689006359771e-01       2.971628441331e+03 
       1.717170732615e-01       2.905355088734e+03 
       1.745335137645e-01       2.839427863514e+03 
       1.773499573308e-01       2.774157686163e+03 
       1.801664038150e-01       2.709984438208e+03 
       1.829828530812e-01       2.647396510674e+03 
       1.857993050018e-01       2.586858191276e+03 
       1.886157594568e-01       2.528751511257e+03 
       1.914322163335e-01       2.473342807023e+03 
       1.942486755257e-01       2.420765316338e+03 
       1.970651369336e-01       2.371024331004e+03 
       1.998816004626e-01       2.324010487187e+03 
       2.026980660239e-01       2.279528557501e+03 
       2.055145335332e-01       2.237321828860e+03 
       2.083310029111e-01       2.197100313733e+03 
       2.111474740822e-01       2.158572496329e+03 
       2.139639469754e-01       2.121463808563e+03 
       2.167804215229e-01       2.085530476881e+03 
       2.195968976609e-01       2.050580485427e+03 
       2.224133753284e-01       2.016471007115e+03 
       2.252298544678e-01       1.983111547612e+03 
       2.280463350241e-01       1.950459581645e+03 
       2.308628169453e-01       1.918508815144e+03 
       2.336793001816e-01       1.887282575594e+03 
       2.364957846857e-01       1.856819146365e+03 
       2.393122704128e-01       1.827162736587e+03 
       2.421287573198e-01       1.798353437074e+03 
       2.449452453658e-01       1.770421099144e+03 
       2.477617345118e-01       1.743380210312e+03 
       2.505782247204e-01       1.717228663764e+03 
       2.533947159560e-01       1.691946922125e+03 
       2.562112081846e-01       1.667508257175e+03 
       2.590277013736e-01       1.643863879830e+03 
       2.618441954919e-01       1.620972261904e+03 
       2.646606905096e-01       1.598777176154e+03 
       2.674771863981e-01       1.577227644728e+03 
       2.702936831301e-01       1.556278245994e+03 
       2.731101806794e-01       1.535882983253e+03 
       2.759266790208e-01       1.516006095334e+03 
       2.787431781302e-01       1.496617361573e+03 
       2.815596779845e-01       1.477693393786e+03 
       2.843761785613e-01       1.459214504974e+03 
       2.871926798393e-01       1.441169429821e+03 
       2.900091817980e-01       1.423548687568e+03 
       2.928256844176e-01       1.406343788152e+03 
       2.956421876793e-01       1.389548183710e+03 
       2.984586915647e-01       1.373157016810e+03 
       3.012751960562e-01       1.357161452529e+03 
       3.040917011369e-01       1.341555779089e+03 
       3.069082067905e-01       1.326328849923e+03 
       3.097247130014e-01       1.311470423872e+03 
       3.125412197544e-01       1.296969608088e+03 
       3.153577270349e-01       1.282813926332e+03 
       3.181742348288e-01       1.268989098497e+03 
       3.209907431225e-01       1.255485834243e+03 
       3.238072519031e-01       1.242288577059e+03 
       3.266237611577e-01       1.229385633628e+03 
       3.294402708743e-01       1.216768627839e+03 
       3.322567810409e-01       1.204423917834e+03 
       3.350732916463e-01       1.192344868149e+03 
       3.378898026794e-01       1.180519832954e+03 
       3.407063141295e-01       1.168943478028e+03 
       3.435228259863e-01       1.157607229668e+03 
       3.463393382400e-01       1.146504768752e+03 
       3.491558508807e-01       1.135629962230e+03 
       3.519723638993e-01       1.124976135692e+03 
       3.547888772867e-01       1.114538422358e+03 
       3.576053910340e-01       1.104310571223e+03 
       3.604219051330e-01       1.094287318591e+03 
       3.632384195753e-01       1.084462603171e+03 
       3.660549343529e-01       1.074832092870e+03 
       3.688714494583e-01       1.065389211779e+03 
       3.716879648838e-01       1.056130063092e+03 
       3.745044806223e-01       1.047048201361e+03 
       3.773209966667e-01       1.038139531951e+03 
       3.801375130102e-01       1.029398652641e+03 
       3.829540296462e-01       1.020821449462e+03 
       3.857705465682e-01       1.012402971866e+03 
       3.885870637700e-01       1.004138442278e+03 
       3.914035812456e-01       9.960249130645e+02 
       3.942200989890e-01       9.880576384201e+02 
       3.970366169945e-01       9.802326185214e+02 
       3.998531352566e-01       9.725469051411e+02 
       4.026696537698e-01       9.649958302768e+02 
       4.054861725290e-01       9.575772593895e+02 
       4.083026915289e-01       9.502867066604e+02 
       4.111192107647e-01       9.431219814398e+02 
       4.139357302316e-01       9.360792943478e+02 
       4.167522499247e-01       9.291564966255e+02 
       4.195687698396e-01       9.223491662339e+02 
       4.223852899717e-01       9.156556532219e+02 
       4.252018103168e-01       9.090733387115e+02 
       4.280183308707e-01       9.025989028688e+02 
       4.308348516291e-01       8.962300605260e+02 
       4.336513725882e-01       8.899639783754e+02 
       4.364678937441e-01       8.837988015510e+02 
       4.392844150929e-01       8.777315645098e+02 
       4.421009366309e-01       8.717603244220e+02 
       4.449174583545e-01       8.658825220530e+02 
       4.477339802603e-01       8.600964248955e+02 
       4.505505023448e-01       8.543993670608e+02 
       4.533670246046e-01       8.487898578460e+02 
       4.561835470365e-01       8.432655936036e+02 
       4.590000696373e-01       8.378246941972e+02 
       4.618165924039e-01       8.324653385042e+02 
       4.646331153334e-01       8.271859411099e+02 
       4.674496384227e-01       8.219838510059e+02 
       4.702661616689e-01       8.168582378604e+02 
       4.730826850693e-01       8.118073493064e+02 
       4.758992086211e-01       8.068292764232e+02 
       4.787157323216e-01       8.019225744804e+02 
       4.815322561682e-01       7.970856536931e+02 
       4.843487801584e-01       7.923170499928e+02 
       4.871653042896e-01       7.876153358869e+02 
       4.899818285594e-01       7.829791209565e+02 
       4.927983529655e-01       7.784067881496e+02 
       4.956148775054e-01       7.738971255912e+02 
       4.984314021770e-01       7.694490555341e+02 
       5.012479269780e-01       7.650610474975e+02 
       5.040644519062e-01       7.607319304166e+02 
       5.068809769595e-01       7.564605010805e+02 
       5.096975021359e-01       7.522454653209e+02 
       5.125140274332e-01       7.480859475568e+02 
       5.153305528495e-01       7.439806578492e+02 
       5.181470783829e-01       7.399284142101e+02 
       5.209636040314e-01       7.359283269644e+02 
       5.237801297932e-01       7.319793334620e+02 
       5.265966556664e-01       7.280802640502e+02 
       5.294131816493e-01       7.242303051727e+02 
       5.322297077402e-01       7.204284725281e+02 
       5.350462339373e-01       7.166737249317e+02 
       5.378627602389e-01       7.129652046008e+02 
       5.406792866435e-01       7.093021826786e+02 
       5.434958131493e-01       7.056835294944e+02 
       5.463123397549e-01       7.021085586232e+02 
       5.491288664587e-01       6.985764181521e+02 
       5.519453932592e-01       6.950862221997e+02 
       5.547619201548e-01       6.916372939542e+02 
       5.575784471443e-01       6.882287760155e+02 
       5.603949742261e-01       6.848599582243e+02 
       5.632115013989e-01       6.815300477370e+02 
       5.660280286613e-01       6.782384322014e+02 
       5.688445560119e-01       6.749842693008e+02 
       5.716610834495e-01       6.717670309004e+02 
       5.744776109728e-01       6.685859889835e+02 
       5.772941385805e-01       6.654403994404e+02 
       5.801106662713e-01       6.623297195640e+02 
       5.829271940442e-01       6.592533179484e+02 
       5.857437218978e-01       6.562105357300e+02 
       5.885602498311e-01       6.532008250669e+02 
       5.913767778429e-01       6.502235865293e+02 
       5.941933059320e-01       6.472782437334e+02 
       5.970098340974e-01       6.443642162261e+02 
       5.998263623381e-01       6.414809140158e+02 
       6.026428906528e-01       6.386280220854e+02 
       6.054594190407e-01       6.358048939946e+02 
       6.082759475006e-01       6.330108463923e+02 
       6.110924760316e-01       6.302456510643e+02 
       6.139090046327e-01       6.275086607016e+02 
       6.167255333030e-01       6.247993634739e+02 
       6.195420620415e-01       6.221175564693e+02 
       6.223585908472e-01       6.194623640738e+02 
       6.251751197193e-01       6.168337387206e+02 
       6.279916486568e-01       6.142310080458e+02 
       6.308081776590e-01       6.116537314232e+02 
       6.336247067248e-01       6.091016253241e+02 
       6.364412358536e-01       6.065742202757e+02 
       6.392577650443e-01       6.040710754219e+02 
       6.420742942963e-01       6.015917895946e+02 
       6.448908236087e-01       5.991360985732e+02 
       6.477073529808e-01       5.967035386724e+02 
       6.505238824117e-01       5.942937081434e+02 
       6.533404119007e-01       5.919063014283e+02 
       6.561569414470e-01       5.895408548192e+02 
       6.589734710499e-01       5.871971627749e+02 
       6.617900007087e-01       5.848748520178e+02 
       6.646065304227e-01       5.825735036665e+02 
       6.674230601911e-01       5.802929234807e+02 
       6.702395900133e-01       5.780327310882e+02 
       6.730561198887e-01       5.757924002127e+02 
       6.758726498164e-01       5.735720134261e+02 
       6.786891797959e-01       5.713708714899e+02 
       6.815057098266e-01       5.691890499016e+02 
       6.843222399078e-01       5.670260277248e+02 
       6.871387700389e-01       5.648815466032e+02 
       6.899553002192e-01       5.627554685896e+02 
       6.927718304482e-01       5.606473427469e+02 
       6.955883607253e-01       5.585569709300e+02 
       6.984048910499e-01       5.564841065966e+02 
       7.012214214214e-01       5.544284405570e+02 
       7.040379518393e-01       5.523897263971e+02 
       7.068544823029e-01       5.503679208926e+02 
       7.096710128118e-01       5.483623649245e+02 
       7.124875433655e-01       5.463731398913e+02 
       7.153040739633e-01       5.443999675359e+02 
       7.181206046048e-01       5.424424372708e+02 
       7.209371352894e-01       5.405005998522e+02 
       7.237536660167e-01       5.385739807683e+02 
       7.265701967862e-01       5.366624921053e+02 
       7.293867275973e-01       5.347660901728e+02 
       7.322032584496e-01       5.328841381990e+02 
       7.350197893426e-01       5.310168131676e+02 
       7.378363202758e-01       5.291637698679e+02 
       7.406528512489e-01       5.273248088046e+02 
       7.434693822612e-01       5.254997505889e+02 
       7.462859133124e-01       5.236883160965e+02 
       7.491024444021e-01       5.218904051990e+02 
       7.519189755298e-01       5.201058438675e+02 
       7.547355066951e-01       5.183344364730e+02 
       7.575520378975e-01       5.165759465229e+02 
       7.603685691367e-01       5.148303097468e+02 
       7.631851004122e-01       5.130972445703e+02 
       7.660016317237e-01       5.113766901754e+02 
       7.688181630707e-01       5.096684350166e+02 
       7.716346944528e-01       5.079722200968e+02 
       7.744512258698e-01       5.062880179108e+02 
       7.772677573211e-01       5.046155579725e+02 
       7.800842888064e-01       5.029548951512e+02 
       7.829008203254e-01       5.013056553341e+02 
       7.857173518777e-01       4.996677569667e+02 
       7.885338834629e-01       4.980411065940e+02 
       7.913504150807e-01       4.964255284771e+02 
       7.941669467307e-01       4.948208352018e+02 
       7.969834784126e-01       4.932269532274e+02 
       7.998000101261e-01       4.916437151616e+02 
       8.026165418708e-01       4.900709892587e+02 
       8.054330736463e-01       4.885086447489e+02 
       8.082496054525e-01       4.869565813477e+02 
       8.110661372888e-01       4.854146161222e+02 
       8.138826691552e-01       4.838826344244e+02 
       8.166992010511e-01       4.823606198110e+02 
       8.195157329764e-01       4.808482737829e+02 
       8.223322649306e-01       4.793455472003e+02 
       8.251487969136e-01       4.778523678656e+02 
       8.279653289250e-01       4.763685805700e+02 
       8.307818609646e-01       4.748940867962e+02 
       8.335983930320e-01       4.734287887500e+02 
       8.364149251270e-01       4.719726672627e+02 
       8.392314572492e-01       4.705255352411e+02 
       8.420479893985e-01       4.690872259880e+02 
       8.448645215745e-01       4.676575027092e+02 
       8.476810537770e-01       4.662363381398e+02 
       8.504975860057e-01       4.648232962296e+02 
       8.533141182604e-01       4.634192758603e+02 
       8.561306505407e-01       4.620239117083e+02 
       8.589471828465e-01       4.606370117936e+02 
       8.617637151775e-01       4.592581927489e+02 
       8.645802475335e-01       4.578871071028e+02 
       8.673967799141e-01       4.565238158857e+02 
       8.702133123192e-01       4.551682771821e+02 
       8.730298447486e-01       4.538205797006e+02 
       8.758463772019e-01       4.524808106967e+02 
       8.786629096790e-01       4.511488006396e+02 
       8.814794421796e-01       4.498243292610e+02 
       8.842959747036e-01       4.485072510511e+02 
       8.871125072506e-01       4.471975684275e+02 
       8.899290398205e-01       4.458949854296e+02 
       8.927455724130e-01       4.445997270529e+02 
       8.955621050280e-01       4.433118092089e+02 
       8.983786376652e-01       4.420309014820e+02 
       9.011951703244e-01       4.407569511708e+02 
       9.040117030054e-01       4.394898522739e+02 
       9.068282357080e-01       4.382292523309e+02 
       9.096447684321e-01       4.369754176001e+02 
       9.124613011773e-01       4.357283864464e+02 
       9.152778339435e-01       4.344882412974e+02 
       9.180943667306e-01       4.332549990786e+02 
       9.209108995383e-01       4.320283361668e+02 
       9.237274323664e-01       4.308080131822e+02 
       9.265439652148e-01       4.295937269905e+02 
       9.293604980832e-01       4.283852268499e+02 
       9.321770309716e-01       4.271828234257e+02 
       9.349935638796e-01       4.259865902311e+02 
       9.378100968071e-01       4.247967837716e+02 
       9.406266297540e-01       4.236134612515e+02 
       9.434431627201e-01       4.224364514912e+02 
       9.462596957052e-01       4.212654743505e+02 
       9.490762287091e-01       4.201000230720e+02 
       9.518927617317e-01       4.189400520176e+02 
       9.547092947728e-01       4.177854053407e+02 
       9.575258278322e-01       4.166363425758e+02 
       9.603423609098e-01       4.154930654748e+02 
       9.631588940055e-01       4.143556173173e+02 
       9.659754271189e-01       4.132239894484e+02 
       9.687919602501e-01       4.120979729436e+02 
       9.716084933989e-01       4.109774257510e+02 
       9.744250265650e-01       4.098619508447e+02 
       9.772415597484e-01       4.087516800096e+02 
       9.800580929489e-01       4.076465682875e+02 
       9.828746261663e-01       4.065468912924e+02 
       9.856911594005e-01       4.054524417435e+02 
       9.885076926514e-01       4.043632534075e+02 
       9.913242259188e-01       4.032790653129e+02 
       9.941407592026e-01       4.021996508585e+02 
       9.969572925026e-01       4.011249834819e+02 
       9.997738258188e-01       4.000551892222e+02 
       1.002590359151e+00       3.989904317829e+02 
       1.005406892499e+00       3.979308775986e+02 
       1.008223425862e+00       3.968764216691e+02 
       1.011039959242e+00       3.958269659895e+02 
       1.013856492636e+00       3.947821154911e+02 
       1.016673026046e+00       3.937416639870e+02 
       1.019489559471e+00       3.927055104909e+02 
       1.022306092911e+00       3.916737110429e+02 
       1.025122626367e+00       3.906464434945e+02 
       1.027939159837e+00       3.896238887040e+02 
       1.030755693321e+00       3.886060909232e+02 
       1.033572226820e+00       3.875929134945e+02 
       1.036388760334e+00       3.865841520926e+02 
       1.039205293862e+00       3.855795897844e+02 
       1.042021827404e+00       3.845792185476e+02 
       1.044838360960e+00       3.835830975452e+02 
       1.047654894531e+00       3.825913518996e+02 
       1.050471428115e+00       3.816040486293e+02 
       1.053287961713e+00       3.806211084022e+02 
       1.056104495324e+00       3.796423419736e+02 
       1.058921028949e+00       3.786675275347e+02 
       1.061737562588e+00       3.776965439314e+02 
       1.064554096240e+00       3.767293334813e+02 
       1.067370629905e+00       3.757660085435e+02 
       1.070187163583e+00       3.748068096300e+02 
       1.073003697274e+00       3.738518506022e+02 
       1.075820230978e+00       3.729010571180e+02 
       1.078636764695e+00       3.719543109719e+02 
       1.081453298425e+00       3.710113637706e+02 
       1.084269832167e+00       3.700721340541e+02 
       1.087086365922e+00       3.691365193047e+02 
       1.089902899689e+00       3.682045774444e+02 
       1.092719433468e+00       3.672765122007e+02 
       1.095535967260e+00       3.663523677502e+02 
       1.098352501064e+00       3.654320255202e+02 
       1.101169034880e+00       3.645153858561e+02 
       1.103985568707e+00       3.636021581115e+02 
       1.106802102547e+00       3.626922483082e+02 
       1.109618636399e+00       3.617858317644e+02 
       1.112435170262e+00       3.608828326752e+02 
       1.115251704136e+00       3.599835432039e+02 
       1.118068238023e+00       3.590880412913e+02 
       1.120884771920e+00       3.581961799846e+02 
       1.123701305829e+00       3.573078756766e+02 
       1.126517839749e+00       3.564228725953e+02 
       1.129334373681e+00       3.555411509435e+02 
       1.132150907623e+00       3.546626333851e+02 
       1.134967441576e+00       3.537875258911e+02 
       1.137783975541e+00       3.529157633028e+02 
       1.140600509516e+00       3.520475549402e+02 
       1.143417043502e+00       3.511827520364e+02 
       1.146233577498e+00       3.503211348287e+02 
       1.149050111505e+00       3.494626309233e+02 
       1.151866645523e+00       3.486070881345e+02 
       1.154683179551e+00       3.477545868092e+02 
       1.157499713589e+00       3.469052887475e+02 
       1.160316247638e+00       3.460591744084e+02 
       1.163132781697e+00       3.452164741051e+02 
       1.165949315766e+00       3.443769828312e+02 
       1.168765849845e+00       3.435405542432e+02 
       1.171582383934e+00       3.427071169644e+02 
       1.174398918033e+00       3.418765763142e+02 
       1.177215452142e+00       3.410489201003e+02 
       1.180031986261e+00       3.402243404368e+02 
       1.182848520389e+00       3.394029485837e+02 
       1.185665054527e+00       3.385846974890e+02 
       1.188481588674e+00       3.377695340397e+02 
       1.191298122831e+00       3.369572120898e+02 
       1.194114656998e+00       3.361476777900e+02 
       1.196931191174e+00       3.353408327271e+02 
       1.199747725359e+00       3.345367869841e+02 
       1.202564259553e+00       3.337355699433e+02 
       1.205380793757e+00       3.329372717068e+02 
       1.208197327969e+00       3.321419879607e+02 
       1.211013862191e+00       3.313495641713e+02 
       1.213830396422e+00       3.305598230088e+02 
       1.216646930661e+00       3.297727805046e+02 
       1.219463464910e+00       3.289882745294e+02 
       1.222279999167e+00       3.282064224410e+02 
       1.225096533433e+00       3.274273667949e+02 
       1.227913067707e+00       3.266511513434e+02 
       1.230729601991e+00       3.258777839093e+02 
       1.233546136282e+00       3.251071861875e+02 
       1.236362670583e+00       3.243392048738e+02 
       1.239179204891e+00       3.235737356663e+02 
       1.241995739208e+00       3.228107930551e+02 
       1.244812273534e+00       3.220503314710e+02 
       1.247628807867e+00       3.212925799239e+02 
       1.250445342209e+00       3.205375719377e+02 
       1.253261876559e+00       3.197851437201e+02 
       1.256078410917e+00       3.190353933268e+02 
       1.258894945284e+00       3.182881415106e+02 
       1.261711479658e+00       3.175431907316e+02 
       1.264528014040e+00       3.168006125267e+02 
       1.267344548430e+00       3.160604625692e+02 
       1.270161082827e+00       3.153228068930e+02 
       1.272977617233e+00       3.145878122320e+02 
       1.275794151646e+00       3.138553246077e+02 
       1.278610686067e+00       3.131253122860e+02 
       1.281427220496e+00       3.123976389114e+02 
       1.284243754932e+00       3.116722559712e+02 
       1.287060289376e+00       3.109490483609e+02 
       1.289876823827e+00       3.102283111171e+02 
       1.292693358286e+00       3.095099619512e+02 
       1.295509892752e+00       3.087940936064e+02 
       1.298326427225e+00       3.080806669417e+02 
       1.301142961706e+00       3.073696266892e+02 
       1.303959496193e+00       3.066608159032e+02 
       1.306776030688e+00       3.059541808539e+02 
       1.309592565191e+00       3.052497671043e+02 
       1.312409099700e+00       3.045475744343e+02 
       1.315225634216e+00       3.038478073225e+02 
       1.318042168740e+00       3.031504356251e+02 
       1.320858703270e+00       3.024553751626e+02 
       1.323675237807e+00       3.017625316821e+02 
       1.326491772351e+00       3.010718947526e+02 
       1.329308306902e+00       3.003832994717e+02 
       1.332124841460e+00       2.996968126805e+02 
       1.334941376024e+00       2.990124919639e+02 
       1.337757910595e+00       2.983304454145e+02 
       1.340574445173e+00       2.976507279535e+02 
       1.343390979757e+00       2.969732373403e+02 
       1.346207514348e+00       2.962978583309e+02 
       1.349024048946e+00       2.956245130962e+02 
       1.351840583550e+00       2.949531725920e+02 
       1.354657118160e+00       2.942838622574e+02 
       1.357473652777e+00       2.936166515150e+02 
       1.360290187401e+00       2.929516390776e+02 
       1.363106722030e+00       2.922887705522e+02 
       1.365923256666e+00       2.916280914191e+02 
       1.368739791308e+00       2.909694081102e+02 
       1.371556325956e+00       2.903127357079e+02 
       1.374372860611e+00       2.896579615113e+02 
       1.377189395272e+00       2.890051493255e+02 
       1.380005929938e+00       2.883543681749e+02 
       1.382822464611e+00       2.877056828749e+02 
       1.385638999290e+00       2.870590863529e+02 
       1.388455533975e+00       2.864146221197e+02 
       1.391272068666e+00       2.857721041233e+02 
       1.394088603362e+00       2.851314420725e+02 
       1.396905138065e+00       2.844926101830e+02 
       1.399721672773e+00       2.838557068835e+02 
       1.402538207488e+00       2.832207838668e+02 
       1.405354742208e+00       2.825879106914e+02 
       1.408171276933e+00       2.819570309803e+02 
       1.410987811665e+00       2.813281290282e+02 
       1.413804346402e+00       2.807011457954e+02 
       1.416620881145e+00       2.800759756167e+02 
       1.419437415893e+00       2.794525689674e+02 
       1.422253950647e+00       2.788310162178e+02 
       1.425070485406e+00       2.782113883931e+02 
       1.427887020171e+00       2.775937601790e+02 
       1.430703554942e+00       2.769780568134e+02 
       1.433520089718e+00       2.763642437420e+02 
       1.436336624499e+00       2.757522548062e+02 
       1.439153159286e+00       2.751419931235e+02 
       1.441969694078e+00       2.745334625827e+02 
       1.444786228875e+00       2.739267162728e+02 
       1.447602763678e+00       2.733218524327e+02 
       1.450419298486e+00       2.727189533312e+02 
       1.453235833299e+00       2.721178440333e+02 
       1.456052368117e+00       2.715185359885e+02 
       1.458868902941e+00       2.709210138099e+02 
       1.461685437769e+00       2.703251836343e+02 
       1.464501972603e+00       2.697309854949e+02 
       1.467318507442e+00       2.691385415496e+02 
       1.470135042286e+00       2.685479147763e+02 
       1.472951577134e+00       2.679591202086e+02 
       1.475768111988e+00       2.673721325722e+02 
       1.478584646847e+00       2.667868664756e+02 
       1.481401181711e+00       2.662032870972e+02 
       1.484217716579e+00       2.656213296605e+02 
       1.487034251453e+00       2.650410529317e+02 
       1.489850786331e+00       2.644624704898e+02 
       1.492667321214e+00       2.638855589033e+02 
       1.495483856102e+00       2.633105084627e+02 
       1.498300390995e+00       2.627371702854e+02 
       1.501116925892e+00       2.621654991548e+02 
       1.503933460794e+00       2.615954571187e+02 
       1.506749995701e+00       2.610269922018e+02 
       1.509566530613e+00       2.604600742250e+02 
       1.512383065529e+00       2.598948218311e+02 
       1.515199600450e+00       2.593312493754e+02 
       1.518016135375e+00       2.587694365227e+02 
       1.520832670305e+00       2.582092706787e+02 
       1.523649205239e+00       2.576507971385e+02 
       1.526465740178e+00       2.570937938069e+02 
       1.529282275121e+00       2.565383672496e+02 
       1.532098810069e+00       2.559844676292e+02 
       1.534915345022e+00       2.554321163795e+02 
       1.537731879978e+00       2.548815030493e+02 
       1.540548414939e+00       2.543325123168e+02 
       1.543364949905e+00       2.537850804252e+02 
       1.546181484874e+00       2.532393348308e+02 
       1.548998019848e+00       2.526950376786e+02 
       1.551814554827e+00       2.521522536379e+02 
       1.554631089809e+00       2.516108974461e+02 
       1.557447624796e+00       2.510711940599e+02 
       1.560264159787e+00       2.505330789109e+02 
       1.563080694782e+00       2.499965501472e+02 
       1.565897229782e+00       2.494615379320e+02 
       1.568713764785e+00       2.489280783271e+02 
       1.571530299793e+00       2.483961184755e+02 
       1.574346834805e+00       2.478655507607e+02 
       1.577163369821e+00       2.473364625153e+02 
       1.579979904841e+00       2.468089059053e+02 
       1.582796439865e+00       2.462828595429e+02 
       1.585612974893e+00       2.457584557762e+02 
       1.588429509925e+00       2.452355473686e+02 
       1.591246044961e+00       2.447140304436e+02 
       1.594062580001e+00       2.441939805555e+02 
       1.596879115044e+00       2.436752743470e+02 
       1.599695650092e+00       2.431581098471e+02 
       1.602512185144e+00       2.426423740915e+02 
       1.605328720199e+00       2.421280660472e+02 
       1.608145255259e+00       2.416154165777e+02 
       1.610961790322e+00       2.411041401452e+02 
       1.613778325389e+00       2.405943019646e+02 
       1.616594860460e+00       2.400857938738e+02 
       1.619411395534e+00       2.395786546126e+02 
       1.622227930613e+00       2.390730571258e+02 
       1.625044465695e+00       2.385687454911e+02 
       1.627861000781e+00       2.380659823014e+02 
       1.630677535870e+00       2.375646308979e+02 
       1.633494070963e+00       2.370647235637e+02 
       1.636310606060e+00       2.365661559528e+02 
       1.639127141160e+00       2.360689917606e+02 
       1.641943676264e+00       2.355730682997e+02 
       1.644760211372e+00       2.350785724921e+02 
       1.647576746483e+00       2.345854555462e+02 
       1.650393281598e+00       2.340937876608e+02 
       1.653209816716e+00       2.336035072611e+02 
       1.656026351838e+00       2.331145913807e+02 
       1.658842886964e+00       2.326270523853e+02 
       1.661659422092e+00       2.321407950853e+02 
       1.664475957225e+00       2.316557993805e+02 
       1.667292492361e+00       2.311721261221e+02 
       1.670109027500e+00       2.306898427425e+02 
       1.672925562642e+00       2.302089765544e+02 
       1.675742097788e+00       2.297295322219e+02 
       1.678558632938e+00       2.292512998144e+02 
       1.681375168091e+00       2.287743914232e+02 
       1.684191703247e+00       2.282988092235e+02 
       1.687008238406e+00       2.278244241909e+02 
       1.689824773569e+00       2.273513388158e+02 
       1.692641308735e+00       2.268795970515e+02 
       1.695457843905e+00       2.264092093615e+02 
       1.698274379077e+00       2.259402116413e+02 
       1.701090914253e+00       2.254725045644e+02 
       1.703907449432e+00       2.250059652142e+02 
       1.706723984615e+00       2.245406737750e+02 
       1.709540519800e+00       2.240765949190e+02 
       1.712357054989e+00       2.236138460490e+02 
       1.715173590181e+00       2.231523968722e+02 
       1.717990125376e+00       2.226922539341e+02 
       1.720806660574e+00       2.222333895569e+02 
       1.723623195775e+00       2.217757090267e+02 
       1.726439730980e+00       2.213193629715e+02 
       1.729256266187e+00       2.208641100313e+02 
       1.732072801398e+00       2.204101431622e+02 
       1.734889336612e+00       2.199573546062e+02 
       1.737705871828e+00       2.195058909926e+02 
       1.740522407048e+00       2.190556817701e+02 
       1.743338942271e+00       2.186067091788e+02 
       1.746155477497e+00       2.181590210703e+02 
       1.748972012726e+00       2.177124284208e+02 
       1.751788547957e+00       2.172670369432e+02 
       1.754605083192e+00       2.168227752298e+02 
       1.757421618430e+00       2.163797674427e+02 
       1.760238153670e+00       2.159380002263e+02 
       1.763054688914e+00       2.154974866486e+02 
       1.765871224160e+00       2.150581569215e+02 
       1.768687759410e+00       2.146200304849e+02 
       1.771504294662e+00       2.141830697056e+02 
       1.774320829917e+00       2.137472074856e+02 
       1.777137365175e+00       2.133124625392e+02 
       1.779953900436e+00       2.128789764211e+02 
       1.782770435699e+00       2.124466867411e+02 
       1.785586970966e+00       2.120155465322e+02 
       1.788403506235e+00       2.115856338936e+02 
       1.791220041507e+00       2.111568931072e+02 
       1.794036576781e+00       2.107292598057e+02 
       1.796853112059e+00       2.103026793303e+02 
       1.799669647339e+00       2.098772567935e+02 
       1.802486182622e+00       2.094530325407e+02 
       1.805302717908e+00       2.090299507715e+02 
       1.808119253196e+00       2.086080614924e+02 
       1.810935788487e+00       2.081873127903e+02 
       1.813752323781e+00       2.077676840522e+02 
       1.816568859078e+00       2.073491227706e+02 
       1.819385394377e+00       2.069316068886e+02 
       1.822201929679e+00       2.065152283336e+02 
       1.825018464983e+00       2.060999522854e+02 
       1.827835000290e+00       2.056858862444e+02 
       1.830651535600e+00       2.052729360973e+02 
       1.833468070912e+00       2.048610930367e+02 
       1.836284606227e+00       2.044503159569e+02 
       1.839101141544e+00       2.040406237399e+02 
       1.841917676864e+00       2.036319702479e+02 
       1.844734212186e+00       2.032243857555e+02 
       1.847550747511e+00       2.028179396945e+02 
       1.850367282839e+00       2.024125882871e+02 
       1.853183818169e+00       2.020084642611e+02 
       1.856000353501e+00       2.016052954069e+02 
       1.858816888836e+00       2.012032639777e+02 
       1.861633424174e+00       2.008022179206e+02 
       2.343657521127e+00       1.454583604948e+02 
       2.950490009842e+00       1.019281925437e+02 
       3.714446850635e+00       6.962687962583e+01 
       4.676211531024e+00       4.661052226383e+01 
       5.887001527331e+00       3.067153063518e+01 
       7.411295822028e+00       1.987592638326e+01 
       9.330268644675e+00       1.268994552803e+01 
       1.174611229565e+01       7.988171700653e+00 
       1.478747925878e+01       4.959687664686e+00 
       1.861633341526e+01       3.038872355126e+00 
       2.343657521090e+01       1.838373667355e+00 
       2.950490009842e+01       1.098407234189e+00 
       3.714446850635e+01       6.489234064373e-01 
       4.676211531024e+01       3.790769701309e-01 
       5.887001527331e+01       2.192340168090e-01 
       7.411295822028e+01       1.256487268498e-01 
       9.330268644675e+01       7.135161121756e-02 
       1.174611229565e+02       4.021737557432e-02 
       1.478747925878e+02       2.249547922260e-02 
