# Matter power spectrum P(k) at redshift z=0
# for k=9.1423e-06 to 147.875 h/Mpc,
# number of wavenumbers equal to 1050
#    1:k (h/Mpc)              2:P (Mpc/h)^3        
       9.142301902038e-06       5.447770842913e+01 
       2.042836597042e-05       1.207264596892e+02 
       3.174488752173e-05       1.867523591761e+02 
       4.311522865390e-05       2.528389399111e+02 
       5.456304853649e-05       3.191865278098e+02 
       6.611246550713e-05       3.859687293917e+02 
       7.778822318636e-05       4.533488455688e+02 
       8.961586233824e-05       5.214868517053e+02 
       1.016219002179e-04       5.905433106437e+02 
       1.138340191660e-04       6.606819414557e+02 
       1.262812662254e-04       7.320716357857e+02 
       1.389942655637e-04       8.048881375497e+02 
       1.520054454676e-04       8.793156289905e+02 
       1.653492816298e-04       9.555482759633e+02 
       1.790625583411e-04       1.033791735043e+03 
       1.931846490226e-04       1.114264745234e+03 
       2.077578172346e-04       1.197200737312e+03 
       2.228275388594e-04       1.282849526588e+03 
       2.384428455003e-04       1.371479051587e+03 
       2.546566882281e-04       1.463377180602e+03 
       2.715263195374e-04       1.558853538478e+03 
       2.891136896784e-04       1.658241378423e+03 
       3.074858512794e-04       1.761899348390e+03 
       3.267153632765e-04       1.870213244563e+03 
       3.468806814870e-04       1.983597521676e+03 
       3.680665186256e-04       2.102496541431e+03 
       3.903641511005e-04       2.227385374131e+03 
       4.138716435752e-04       2.358769998686e+03 
       4.386939552177e-04       2.497186670171e+03 
       4.649428841519e-04       2.643200236211e+03 
       4.927367995586e-04       2.797401061949e+03 
       5.222001051978e-04       2.960400314129e+03 
       5.534623753241e-04       3.132823308220e+03 
       5.866571059730e-04       3.315300455337e+03 
       6.219200336200e-04       3.508455941507e+03 
       6.593869915032e-04       3.712893856810e+03 
       6.991913031280e-04       3.929181555237e+03 
       7.414607530734e-04       4.157831441418e+03 
       7.863142254615e-04       4.399280948628e+03 
       8.338581557634e-04       4.653872140342e+03 
       8.841829943470e-04       4.921832214533e+03 
       9.373599203089e-04       5.203256317587e+03 
       9.934380610870e-04       5.498093956951e+03 
       1.052442458731e-03       5.806141030181e+03 
       1.114372974288e-03       6.127037896749e+03 
       1.179204241559e-03       6.460274129663e+03 
       1.246886681911e-03       6.805199782044e+03 
       1.317348489320e-03       7.161042991302e+03 
       1.390498406856e-03       7.526930676558e+03 
       1.466229056198e-03       7.901912490701e+03 
       1.544420557523e-03       8.284985740858e+03 
       1.624944187283e-03       8.675119595852e+03 
       1.707665858822e-03       9.071277033730e+03 
       1.792449264561e-03       9.472434961666e+03 
       1.879158577464e-03       9.877600041234e+03 
       1.967660664612e-03       1.028582239086e+04 
       2.057826811067e-03       1.069620526039e+04 
       2.149533985243e-03       1.110792681130e+04 
       2.242665697758e-03       1.152018812316e+04 
       2.337112516074e-03       1.193227444725e+04 
       2.432772299396e-03       1.234353391627e+04 
       2.529550215073e-03       1.275337387055e+04 
       2.627358591245e-03       1.316126155096e+04 
       2.726116652414e-03       1.356671749385e+04 
       2.825750176298e-03       1.396931292618e+04 
       2.926191102443e-03       1.436866737219e+04 
       3.027377116072e-03       1.476444349449e+04 
       3.129251224687e-03       1.515634362061e+04 
       3.231761340098e-03       1.554410754759e+04 
       3.334859874634e-03       1.592750719850e+04 
       3.438503357277e-03       1.630634526708e+04 
       3.542652073199e-03       1.668045019959e+04 
       3.647269728439e-03       1.704967617064e+04 
       3.752323140264e-03       1.741389662369e+04 
       3.857781952900e-03       1.777300918237e+04 
       3.963618377711e-03       1.812691724116e+04 
       4.069806956582e-03       1.847555862876e+04 
       4.176324346991e-03       1.881886878907e+04 
       4.283149127218e-03       1.915680278271e+04 
       4.390261620052e-03       1.948932213392e+04 
       4.497643733425e-03       1.981640854825e+04 
       4.605278816460e-03       2.013803515697e+04 
       4.713151529487e-03       2.045419786400e+04 
       4.821247726712e-03       2.076489916813e+04 
       4.929554350285e-03       2.107013994298e+04 
       5.038059334664e-03       2.136992690122e+04 
       5.146751520224e-03       2.166428254995e+04 
       5.255620575196e-03       2.195322379232e+04 
       5.364656925092e-03       2.223678153985e+04 
       5.473851688853e-03       2.251496681932e+04 
       5.583196621035e-03       2.278783018275e+04 
       5.692684059437e-03       2.305539271274e+04 
       5.802306877601e-03       2.331769422282e+04 
       5.912058441713e-03       2.357477082370e+04 
       6.021932571446e-03       2.382666277868e+04 
       6.131923504366e-03       2.407340294885e+04 
       6.242025863534e-03       2.431506650991e+04 
       6.352234628010e-03       2.455166394846e+04 
       6.462545105948e-03       2.478324745003e+04 
       6.572952910051e-03       2.500986949682e+04 
       6.683453935152e-03       2.523157555679e+04 
       6.794044337716e-03       2.544841600854e+04 
       6.904720517079e-03       2.566042816314e+04 
       7.015479098275e-03       2.586767392358e+04 
       7.126316916277e-03       2.607018767733e+04 
       7.237231001548e-03       2.626803419845e+04 
       7.348218566769e-03       2.646125029686e+04 
       7.459276994633e-03       2.664989532993e+04 
       7.570403826622e-03       2.683401000785e+04 
       7.681596752669e-03       2.701366484362e+04 
       7.792853601634e-03       2.718888527167e+04 
       7.904172332519e-03       2.735972245759e+04 
       8.015551026358e-03       2.752624874851e+04 
       8.126987878725e-03       2.768849539798e+04 
       8.238481192813e-03       2.784649678220e+04 
       8.350029373024e-03       2.800034905588e+04 
       8.461630919043e-03       2.815005767481e+04 
       8.573284420341e-03       2.829568573523e+04 
       8.684988551082e-03       2.843726815121e+04 
       8.796742065404e-03       2.857488337995e+04 
       8.908543793029e-03       2.870855719279e+04 
       9.020392635194e-03       2.883835115793e+04 
       9.132287560868e-03       2.896428291574e+04 
       9.244227603231e-03       2.908643794429e+04 
       9.356211856406e-03       2.920486683565e+04 
       9.468239472414e-03       2.931955853215e+04 
       9.580309658337e-03       2.943059880264e+04 
       9.692421673679e-03       2.953803675854e+04 
       9.804574827907e-03       2.964192127218e+04 
       9.916768478159e-03       2.974227104671e+04 
       1.002900202710e-02       2.983914532155e+04 
       1.014127492095e-02       2.993258783659e+04 
       1.025358664760e-02       3.002266170835e+04 
       1.036593673488e-02       3.010938678341e+04 
       1.047832474897e-02       3.019279155790e+04 
       1.059075029286e-02       3.027296040158e+04 
       1.070321300496e-02       3.034988731855e+04 
       1.081571255778e-02       3.042368900495e+04 
       1.092824865671e-02       3.049431618702e+04 
       1.104082103886e-02       3.056187467937e+04 
       1.115342947205e-02       3.062637222291e+04 
       1.126607375373e-02       3.068784885736e+04 
       1.137875371015e-02       3.074637463082e+04 
       1.149146919543e-02       3.080196381959e+04 
       1.160422009082e-02       3.085467374089e+04 
       1.171700630389e-02       3.090451845986e+04 
       1.182982776790e-02       3.095154105799e+04 
       1.194268444115e-02       3.099581270246e+04 
       1.205557630635e-02       3.103730679090e+04 
       1.216850337014e-02       3.107612952012e+04 
       1.228146566253e-02       3.111228911527e+04 
       1.239446323645e-02       3.114578620154e+04 
       1.250749616736e-02       3.117672503138e+04 
       1.262056455281e-02       3.120509232503e+04 
       1.273366851212e-02       3.123094091610e+04 
       1.284680818605e-02       3.125429629934e+04 
       1.295998373653e-02       3.127519768322e+04 
       1.307319534634e-02       3.129369423558e+04 
       1.318644321896e-02       3.130978753554e+04 
       1.329972757831e-02       3.132353753234e+04 
       1.341304866858e-02       3.133495695712e+04 
       1.352640675410e-02       3.134412756790e+04 
       1.363980211921e-02       3.135100472148e+04 
       1.375323506810e-02       3.135568065383e+04 
       1.386670592483e-02       3.135814683032e+04 
       1.398021503316e-02       3.135847558143e+04 
       1.409376275660e-02       3.135668855411e+04 
       1.420734947833e-02       3.135275186196e+04 
       1.432097560123e-02       3.134679206323e+04 
       1.443464154790e-02       3.133879847150e+04 
       1.454834776069e-02       3.132880159143e+04 
       1.466209470175e-02       3.131680977491e+04 
       1.477588285314e-02       3.130285678475e+04 
       1.488971271689e-02       3.128700144762e+04 
       1.500358481509e-02       3.126931249003e+04 
       1.511749969009e-02       3.124968948092e+04 
       1.523145790458e-02       3.122827518818e+04 
       1.534546004177e-02       3.120509056288e+04 
       1.545950670556e-02       3.118008808679e+04 
       1.557359852077e-02       3.115336827478e+04 
       1.568773613330e-02       3.112488631211e+04 
       1.580192021036e-02       3.109477343725e+04 
       1.591615144076e-02       3.106296487761e+04 
       1.603043053512e-02       3.102956611366e+04 
       1.614475822615e-02       3.099449051835e+04 
       1.625913526894e-02       3.095784790509e+04 
       1.637356244130e-02       3.091969691981e+04 
       1.648804054401e-02       3.088001788723e+04 
       1.660257040124e-02       3.083881361980e+04 
       1.671715286081e-02       3.079616138371e+04 
       1.683178879467e-02       3.075200608742e+04 
       1.694647909916e-02       3.070646300635e+04 
       1.706122469554e-02       3.065953635320e+04 
       1.717602653029e-02       3.061119805846e+04 
       1.729088557565e-02       3.056153758157e+04 
       1.740580282999e-02       3.051055160358e+04 
       1.752077931833e-02       3.045830390173e+04 
       1.763581609284e-02       3.040470561079e+04 
       1.775091423327e-02       3.034990341542e+04 
       1.786607484759e-02       3.029389875718e+04 
       1.798129907241e-02       3.023663434518e+04 
       1.809658807367e-02       3.017824466920e+04 
       1.821194304711e-02       3.011862508173e+04 
       1.832736521894e-02       3.005791095216e+04 
       1.844285584646e-02       2.999613063962e+04 
       1.855841621868e-02       2.993317406063e+04 
       1.867404765700e-02       2.986922147338e+04 
       1.878975151591e-02       2.980420923517e+04 
       1.890552918366e-02       2.973818390811e+04 
       1.902138208306e-02       2.967109237190e+04 
       1.913731167218e-02       2.960309289990e+04 
       1.925331944516e-02       2.953409766729e+04 
       1.936940693303e-02       2.946411013937e+04 
       1.948557570450e-02       2.939328150777e+04 
       1.960182736688e-02       2.932146348939e+04 
       1.971816356692e-02       2.924896202428e+04 
       1.983458599175e-02       2.917543701401e+04 
       1.995109636982e-02       2.910107254595e+04 
       2.006769647190e-02       2.902599571646e+04 
       2.018438811204e-02       2.894996670069e+04 
       2.030117314864e-02       2.887324077007e+04 
       2.041805348555e-02       2.879576947850e+04 
       2.053503107310e-02       2.871753558738e+04 
       2.065210790932e-02       2.863860277697e+04 
       2.076928604110e-02       2.855887660924e+04 
       2.088656756536e-02       2.847846244399e+04 
       2.100395463038e-02       2.839740276742e+04 
       2.112144943704e-02       2.831573362992e+04 
       2.123905424017e-02       2.823336298631e+04 
       2.135677134997e-02       2.815039027515e+04 
       2.147460313338e-02       2.806687377172e+04 
       2.159255201561e-02       2.798272216842e+04 
       2.171062048161e-02       2.789797245782e+04 
       2.182881107768e-02       2.781266645576e+04 
       2.194712641310e-02       2.772688828228e+04 
       2.206556916176e-02       2.764049772995e+04 
       2.218414206396e-02       2.755368901619e+04 
       2.230284792814e-02       2.746634288124e+04 
       2.242168963278e-02       2.737851111871e+04 
       2.254067012831e-02       2.729026531886e+04 
       2.265979243906e-02       2.720157076831e+04 
       2.277905966536e-02       2.711240679207e+04 
       2.289847498562e-02       2.702280431680e+04 
       2.301804165853e-02       2.693291701334e+04 
       2.313776302535e-02       2.684257980212e+04 
       2.325764251225e-02       2.675186240049e+04 
       2.337768363273e-02       2.666077823135e+04 
       2.349788999016e-02       2.656935257360e+04 
       2.361826528040e-02       2.647757700753e+04 
       2.373881329446e-02       2.638550666272e+04 
       2.385953792133e-02       2.629305017842e+04 
       2.398044315090e-02       2.620051701974e+04 
       2.410153307694e-02       2.610760237426e+04 
       2.422281190023e-02       2.601433532315e+04 
       2.434428393182e-02       2.592087031991e+04 
       2.446595359636e-02       2.582724253923e+04 
       2.458782543558e-02       2.573325685463e+04 
       2.470990411197e-02       2.563910470951e+04 
       2.483219441246e-02       2.554473295445e+04 
       2.495470125236e-02       2.545025004356e+04 
       2.507742967943e-02       2.535546039514e+04 
       2.520038487806e-02       2.526058209939e+04 
       2.532357217365e-02       2.516544795485e+04 
       2.544699703721e-02       2.507023827217e+04 
       2.557066509004e-02       2.497486289512e+04 
       2.569458210868e-02       2.487938412800e+04 
       2.581875403005e-02       2.478370801336e+04 
       2.594318695678e-02       2.468800526245e+04 
       2.606788716274e-02       2.459210764281e+04 
       2.619286109890e-02       2.449619000411e+04 
       2.631811539930e-02       2.440019054083e+04 
       2.644365688737e-02       2.430405729163e+04 
       2.656949258250e-02       2.420795576866e+04 
       2.669562970688e-02       2.411173381230e+04 
       2.682207569261e-02       2.401538883495e+04 
       2.694883818922e-02       2.391900377644e+04 
       2.707592507139e-02       2.382273525924e+04 
       2.720334444715e-02       2.372636732275e+04 
       2.733110466633e-02       2.362994672620e+04 
       2.745921432949e-02       2.353350629373e+04 
       2.758768229717e-02       2.343713899745e+04 
       2.771651769967e-02       2.334075620411e+04 
       2.784572994721e-02       2.324427435662e+04 
       2.797532874062e-02       2.314789178498e+04 
       2.810532408246e-02       2.305155987995e+04 
       2.823572628878e-02       2.295533200118e+04 
       2.836654600141e-02       2.285899538847e+04 
       2.849779420081e-02       2.276269870391e+04 
       2.862948221961e-02       2.266648169156e+04 
       2.876162175681e-02       2.257038271185e+04 
       2.889422489271e-02       2.247425646369e+04 
       2.902730410456e-02       2.237828166779e+04 
       2.916087228309e-02       2.228231691190e+04 
       2.929494274984e-02       2.218648110075e+04 
       2.942952927541e-02       2.209066467140e+04 
       2.956464609872e-02       2.199495903435e+04 
       2.970030794728e-02       2.189929585644e+04 
       2.983653005854e-02       2.180374623408e+04 
       2.997332820245e-02       2.170830646450e+04 
       3.011071870525e-02       2.161294010659e+04 
       3.024871847465e-02       2.151769306380e+04 
       3.038734502633e-02       2.142253452154e+04 
       3.052661651207e-02       2.132753407343e+04 
       3.066655174945e-02       2.123267636176e+04 
       3.080717025335e-02       2.113778385015e+04 
       3.094849226925e-02       2.104308816710e+04 
       3.109053880859e-02       2.094853348700e+04 
       3.123333168627e-02       2.085401464353e+04 
       3.137689356045e-02       2.075964470513e+04 
       3.152124797482e-02       2.066550122627e+04 
       3.166641940356e-02       2.057149281529e+04 
       3.181243329916e-02       2.047747782298e+04 
       3.195931614334e-02       2.038363007676e+04 
       3.210709550131e-02       2.028988098223e+04 
       3.225580007958e-02       2.019628754075e+04 
       3.240545978774e-02       2.010287583557e+04 
       3.255610580438e-02       2.000956390081e+04 
       3.270777064756e-02       1.991635877410e+04 
       3.286048825027e-02       1.982322565809e+04 
       3.301429404117e-02       1.973036037643e+04 
       3.316922503112e-02       1.963754637726e+04 
       3.332531990612e-02       1.954484671008e+04 
       3.348261912700e-02       1.945222682262e+04 
       3.364116503662e-02       1.935985308857e+04 
       3.380100197525e-02       1.926753606026e+04 
       3.396217640486e-02       1.917532635502e+04 
       3.412473704305e-02       1.908324094607e+04 
       3.428873500773e-02       1.899110213747e+04 
       3.445422397347e-02       1.889929953659e+04 
       3.462126034056e-02       1.880746191376e+04 
       3.478990341831e-02       1.871583705432e+04 
       3.496021562374e-02       1.862426776401e+04 
       3.513226269738e-02       1.853271860309e+04 
       3.530611393793e-02       1.844129494011e+04 
       3.548184245786e-02       1.834997945574e+04 
       3.565952546193e-02       1.825873581160e+04 
       3.583924455151e-02       1.816758888915e+04 
       3.602108605724e-02       1.807649008559e+04 
       3.620514140343e-02       1.798539676191e+04 
       3.639150750778e-02       1.789432486358e+04 
       3.658028722053e-02       1.780333022755e+04 
       3.677158980783e-02       1.771235110324e+04 
       3.696553148464e-02       1.762146752832e+04 
       3.716223600330e-02       1.753052291219e+04 
       3.736183530482e-02       1.743954579139e+04 
       3.756447024092e-02       1.734868181378e+04 
       3.777029137619e-02       1.725769623905e+04 
       3.797945988100e-02       1.716665879615e+04 
       3.819214852768e-02       1.707563410546e+04 
       3.840854280422e-02       1.698451354367e+04 
       3.862884216247e-02       1.689330079997e+04 
       3.885326142018e-02       1.680202039492e+04 
       3.908203234004e-02       1.671055110287e+04 
       3.931540541240e-02       1.661896634545e+04 
       3.955365187363e-02       1.652723746823e+04 
       3.979706599746e-02       1.643531745132e+04 
       4.004596770395e-02       1.634319830852e+04 
       4.030070553905e-02       1.625083683144e+04 
       4.056166008822e-02       1.615818496378e+04 
       4.082924790010e-02       1.606530026948e+04 
       4.110392601194e-02       1.597204557010e+04 
       4.138619718772e-02       1.587847172311e+04 
       4.167661600346e-02       1.578440384233e+04 
       4.197579594424e-02       1.568997773838e+04 
       4.228441771406e-02       1.559497901607e+04 
       4.260323900618e-02       1.549947641363e+04 
       4.293310604007e-02       1.540329820007e+04 
       4.327496724488e-02       1.530644654687e+04 
       4.362988956264e-02       1.520880648304e+04 
       4.399907796400e-02       1.511036880283e+04 
       4.438389892014e-02       1.501095162404e+04 
       4.478590876842e-02       1.491043093572e+04 
       4.520688815505e-02       1.480872493568e+04 
       4.564888405036e-02       1.470562782212e+04 
       4.611426122503e-02       1.460095406435e+04 
       4.660576556318e-02       1.449441729969e+04 
       4.712660217591e-02       1.438588489643e+04 
       4.768053195728e-02       1.427490307988e+04 
       4.827199093337e-02       1.416103425865e+04 
       4.890623734290e-02       1.404377822183e+04 
       4.958953149782e-02       1.392237147808e+04 
       5.032935236083e-02       1.379590061241e+04 
       5.113465095559e-02       1.366319168643e+04 
       5.201613138512e-02       1.352257052465e+04 
       5.298653040459e-02       1.337180724084e+04 
       5.406082827785e-02       1.320791468469e+04 
       5.525625699353e-02       1.302677542869e+04 
       5.659187133660e-02       1.282293380409e+04 
       5.808733473876e-02       1.258915875238e+04 
       5.976053863449e-02       1.231681538079e+04 
       6.162393201301e-02       1.199629082205e+04 
       6.368022441642e-02       1.161900121916e+04 
       6.591927076992e-02       1.118030912758e+04 
       6.831837140742e-02       1.068268333538e+04 
       7.084668078955e-02       1.013727009711e+04 
       7.347169455168e-02       9.562864749549e+03 
       7.616463927640e-02       8.982556383424e+03 
       7.890304410401e-02       8.419657361904e+03 
       8.167084084864e-02       7.894142400659e+03 
       8.445720592514e-02       7.420814850914e+03 
       8.725512817425e-02       7.008094582100e+03 
       9.006017781535e-02       6.658584554808e+03 
       9.286959928654e-02       6.369577091022e+03 
       9.568169481647e-02       6.134265634637e+03 
       9.849542439788e-02       5.942980580968e+03 
       1.013101531060e-01       5.784112543050e+03 
       1.041254940331e-01       5.645650677211e+03 
       1.069412115928e-01       5.515886625676e+03 
       1.097571623359e-01       5.384695011678e+03 
       1.125732588501e-01       5.244346320004e+03 
       1.153894477870e-01       5.089854491860e+03 
       1.182056965034e-01       4.919434344066e+03 
       1.210219849452e-01       4.734135520386e+03 
       1.238383007192e-01       4.537494164246e+03 
       1.266546360984e-01       4.334701214681e+03 
       1.294709862049e-01       4.131794575301e+03 
       1.322873479042e-01       3.934815822740e+03 
       1.351037191336e-01       3.749116802937e+03 
       1.379200984934e-01       3.578857050346e+03 
       1.407364849975e-01       3.426720944826e+03 
       1.435528779211e-01       3.293857391608e+03 
       1.463692767075e-01       3.179938314573e+03 
       1.491856809102e-01       3.083375479250e+03 
       1.520020901579e-01       3.001585686583e+03 
       1.548185041315e-01       2.931321174907e+03 
       1.576349225504e-01       2.868982261299e+03 
       1.604513451633e-01       2.810970951774e+03 
       1.632677717421e-01       2.753992713368e+03 
       1.660842020777e-01       2.695328209237e+03 
       1.689006359771e-01       2.633029563634e+03 
       1.717170732615e-01       2.566027983971e+03 
       1.745335137645e-01       2.494142210120e+03 
       1.773499573308e-01       2.417994737389e+03 
       1.801664038150e-01       2.338846293373e+03 
       1.829828530812e-01       2.258378294884e+03 
       1.857993050018e-01       2.178458836025e+03 
       1.886157594568e-01       2.100916910577e+03 
       1.914322163335e-01       2.027360318609e+03 
       1.942486755257e-01       1.959031877253e+03 
       1.970651369336e-01       1.896736806094e+03 
       1.998816004626e-01       1.840805147386e+03 
       2.026980660239e-01       1.791132782817e+03 
       2.055145335332e-01       1.747218591399e+03 
       2.083310029111e-01       1.708245907775e+03 
       2.111474740822e-01       1.673202810916e+03 
       2.139639469754e-01       1.640966402855e+03 
       2.167804215229e-01       1.610397869808e+03 
       2.195968976609e-01       1.580472914580e+03 
       2.224133753284e-01       1.550333919903e+03 
       2.252298544678e-01       1.519353283062e+03 
       2.280463350241e-01       1.487173381952e+03 
       2.308628169453e-01       1.453687929416e+03 
       2.336793001816e-01       1.419045064584e+03 
       2.364957846857e-01       1.383587615777e+03 
       2.393122704128e-01       1.347795685726e+03 
       2.421287573198e-01       1.312221518062e+03 
       2.449452453658e-01       1.277423899652e+03 
       2.477617345118e-01       1.243910790435e+03 
       2.505782247204e-01       1.212096655119e+03 
       2.533947159560e-01       1.182269336916e+03 
       2.562112081846e-01       1.154583195849e+03 
       2.590277013736e-01       1.129039972253e+03 
       2.618441954919e-01       1.105534015291e+03 
       2.646606905096e-01       1.083844874877e+03 
       2.674771863981e-01       1.063674540283e+03 
       2.702936831301e-01       1.044689103754e+03 
       2.731101806794e-01       1.026535536692e+03 
       2.759266790208e-01       1.008884065231e+03 
       2.787431781302e-01       9.914502953635e+02 
       2.815596779845e-01       9.740094283083e+02 
       2.843761785613e-01       9.564150131479e+02 
       2.871926798393e-01       9.386019121895e+02 
       2.900091817980e-01       9.205731218960e+02 
       2.928256844176e-01       9.024003262462e+02 
       2.956421876793e-01       8.842037528915e+02 
       2.984586915647e-01       8.661340073745e+02 
       3.012751960562e-01       8.483516566665e+02 
       3.040917011369e-01       8.310151357739e+02 
       3.069082067905e-01       8.142579271275e+02 
       3.097247130014e-01       7.981852837837e+02 
       3.125412197544e-01       7.828617600664e+02 
       3.153577270349e-01       7.683106641736e+02 
       3.181742348288e-01       7.545142680432e+02 
       3.209907431225e-01       7.414243482449e+02 
       3.238072519031e-01       7.289617838523e+02 
       3.266237611577e-01       7.170311866162e+02 
       3.294402708743e-01       7.055283166294e+02 
       3.322567810409e-01       6.943449683989e+02 
       3.350732916463e-01       6.833902937027e+02 
       3.378898026794e-01       6.725827588229e+02 
       3.407063141295e-01       6.618637695023e+02 
       3.435228259863e-01       6.511965521717e+02 
       3.463393382400e-01       6.405673030495e+02 
       3.491558508807e-01       6.299826797003e+02 
       3.519723638993e-01       6.194664573788e+02 
       3.547888772867e-01       6.090545740925e+02 
       3.576053910340e-01       5.987906347756e+02 
       3.604219051330e-01       5.887189865504e+02 
       3.632384195753e-01       5.788810400740e+02 
       3.660549343529e-01       5.693118995364e+02 
       3.688714494583e-01       5.600360009260e+02 
       3.716879648838e-01       5.510672134212e+02 
       3.745044806223e-01       5.424069304878e+02 
       3.773209966667e-01       5.340454994807e+02 
       3.801375130102e-01       5.259642861816e+02 
       3.829540296462e-01       5.181373357306e+02 
       3.857705465682e-01       5.105341804104e+02 
       3.885870637700e-01       5.031219050975e+02 
       3.914035812456e-01       4.958707709476e+02 
       3.942200989890e-01       4.887516767140e+02 
       3.970366169945e-01       4.817419979002e+02 
       3.998531352566e-01       4.748248985735e+02 
       4.026696537698e-01       4.679897799023e+02 
       4.054861725290e-01       4.612330759873e+02 
       4.083026915289e-01       4.545559499649e+02 
       4.111192107647e-01       4.479646831392e+02 
       4.139357302316e-01       4.414688237731e+02 
       4.167522499247e-01       4.350800381054e+02 
       4.195687698396e-01       4.288083154881e+02 
       4.223852899717e-01       4.226649491881e+02 
       4.252018103168e-01       4.166580774196e+02 
       4.280183308707e-01       4.107928891593e+02 
       4.308348516291e-01       4.050712035496e+02 
       4.336513725882e-01       3.994920519774e+02 
       4.364678937441e-01       3.940510361811e+02 
       4.392844150929e-01       3.887411922500e+02 
       4.421009366309e-01       3.835539690077e+02 
       4.449174583545e-01       3.784795999607e+02 
       4.477339802603e-01       3.735083039161e+02 
       4.505505023448e-01       3.686295166711e+02 
       4.533670246046e-01       3.638352077912e+02 
       4.561835470365e-01       3.591177770095e+02 
       4.590000696373e-01       3.544718113332e+02 
       4.618165924039e-01       3.498937574546e+02 
       4.646331153334e-01       3.453816659149e+02 
       4.674496384227e-01       3.409348182607e+02 
       4.702661616689e-01       3.365546828579e+02 
       4.730826850693e-01       3.322431928442e+02 
       4.758992086211e-01       3.280022092944e+02 
       4.787157323216e-01       3.238341267648e+02 
       4.815322561682e-01       3.197410413563e+02 
       4.843487801584e-01       3.157243680154e+02 
       4.871653042896e-01       3.117847908985e+02 
       4.899818285594e-01       3.079222932287e+02 
       4.927983529655e-01       3.041352465366e+02 
       4.956148775054e-01       3.004220254350e+02 
       4.984314021770e-01       2.967800983050e+02 
       5.012479269780e-01       2.932061516051e+02 
       5.040644519062e-01       2.896969682657e+02 
       5.068809769595e-01       2.862489986526e+02 
       5.096975021359e-01       2.828588234802e+02 
       5.125140274332e-01       2.795237211143e+02 
       5.153305528495e-01       2.762408256269e+02 
       5.181470783829e-01       2.730079706972e+02 
       5.209636040314e-01       2.698237522754e+02 
       5.237801297932e-01       2.666868889975e+02 
       5.265966556664e-01       2.635967335667e+02 
       5.294131816493e-01       2.605530810467e+02 
       5.322297077402e-01       2.575558215407e+02 
       5.350462339373e-01       2.546049866822e+02 
       5.378627602389e-01       2.517006936157e+02 
       5.406792866435e-01       2.488431138188e+02 
       5.434958131493e-01       2.460319823034e+02 
       5.463123397549e-01       2.432671489849e+02 
       5.491288664587e-01       2.405480102716e+02 
       5.519453932592e-01       2.378738416057e+02 
       5.547619201548e-01       2.352437182362e+02 
       5.575784471443e-01       2.326564004151e+02 
       5.603949742261e-01       2.301107229737e+02 
       5.632115013989e-01       2.276052599546e+02 
       5.660280286613e-01       2.251387568000e+02 
       5.688445560119e-01       2.227098042131e+02 
       5.716610834495e-01       2.203173060545e+02 
       5.744776109728e-01       2.179600553601e+02 
       5.772941385805e-01       2.156370413690e+02 
       5.801106662713e-01       2.133475503628e+02 
       5.829271940442e-01       2.110908487666e+02 
       5.857437218978e-01       2.088663821731e+02 
       5.885602498311e-01       2.066737434865e+02 
       5.913767778429e-01       2.045125114550e+02 
       5.941933059320e-01       2.023823796368e+02 
       5.970098340974e-01       2.002830347703e+02 
       5.998263623381e-01       1.982141190656e+02 
       6.026428906528e-01       1.961754639408e+02 
       6.054594190407e-01       1.941665999751e+02 
       6.082759475006e-01       1.921869515527e+02 
       6.110924760316e-01       1.902362421322e+02 
       6.139090046327e-01       1.883138312310e+02 
       6.167255333030e-01       1.864191124337e+02 
       6.195420620415e-01       1.845516631707e+02 
       6.223585908472e-01       1.827105044337e+02 
       6.251751197193e-01       1.808953617037e+02 
       6.279916486568e-01       1.791054444446e+02 
       6.308081776590e-01       1.773401701629e+02 
       6.336247067248e-01       1.755991081839e+02 
       6.364412358536e-01       1.738816906764e+02 
       6.392577650443e-01       1.721873856450e+02 
       6.420742942963e-01       1.705157590414e+02 
       6.448908236087e-01       1.688665520642e+02 
       6.477073529808e-01       1.672393427624e+02 
       6.505238824117e-01       1.656337774875e+02 
       6.533404119007e-01       1.640496025869e+02 
       6.561569414470e-01       1.624864319718e+02 
       6.589734710499e-01       1.609440845969e+02 
       6.617900007087e-01       1.594222301496e+02 
       6.646065304227e-01       1.579204979289e+02 
       6.674230601911e-01       1.564386932593e+02 
       6.702395900133e-01       1.549764498941e+02 
       6.730561198887e-01       1.535332801223e+02 
       6.758726498164e-01       1.521091846811e+02 
       6.786891797959e-01       1.507034820718e+02 
       6.815057098266e-01       1.493161110693e+02 
       6.843222399078e-01       1.479465322366e+02 
       6.871387700389e-01       1.465944394781e+02 
       6.899553002192e-01       1.452596372637e+02 
       6.927718304482e-01       1.439416800732e+02 
       6.955883607253e-01       1.426403315934e+02 
       6.984048910499e-01       1.413553214606e+02 
       7.012214214214e-01       1.400863313282e+02 
       7.040379518393e-01       1.388331022496e+02 
       7.068544823029e-01       1.375955660058e+02 
       7.096710128118e-01       1.363731675465e+02 
       7.124875433655e-01       1.351659438551e+02 
       7.153040739633e-01       1.339736382600e+02 
       7.181206046048e-01       1.327958852904e+02 
       7.209371352894e-01       1.316326870920e+02 
       7.237536660167e-01       1.304836253318e+02 
       7.265701967862e-01       1.293485828628e+02 
       7.293867275973e-01       1.282274766417e+02 
       7.322032584496e-01       1.271197555416e+02 
       7.350197893426e-01       1.260255153788e+02 
       7.378363202758e-01       1.249444410112e+02 
       7.406528512489e-01       1.238763330298e+02 
       7.434693822612e-01       1.228210024390e+02 
       7.462859133124e-01       1.217781691241e+02 
       7.491024444021e-01       1.207476936274e+02 
       7.519189755298e-01       1.197293809051e+02 
       7.547355066951e-01       1.187230293263e+02 
       7.575520378975e-01       1.177284132905e+02 
       7.603685691367e-01       1.167454426657e+02 
       7.631851004122e-01       1.157738591632e+02 
       7.660016317237e-01       1.148135784952e+02 
       7.688181630707e-01       1.138643999361e+02 
       7.716346944528e-01       1.129260868832e+02 
       7.744512258698e-01       1.119985843946e+02 
       7.772677573211e-01       1.110816525225e+02 
       7.800842888064e-01       1.101753030085e+02 
       7.829008203254e-01       1.092792165358e+02 
       7.857173518777e-01       1.083932974214e+02 
       7.885338834629e-01       1.075174390358e+02 
       7.913504150807e-01       1.066514719662e+02 
       7.941669467307e-01       1.057952183698e+02 
       7.969834784126e-01       1.049485875635e+02 
       7.998000101261e-01       1.041114174393e+02 
       8.026165418708e-01       1.032835739305e+02 
       8.054330736463e-01       1.024649234463e+02 
       8.082496054525e-01       1.016553526968e+02 
       8.110661372888e-01       1.008546855359e+02 
       8.138826691552e-01       1.000627988847e+02 
       8.166992010511e-01       9.927964701546e+01 
       8.195157329764e-01       9.850497754544e+01 
       8.223322649306e-01       9.773872860629e+01 
       8.251487969136e-01       9.698082100198e+01 
       8.279653289250e-01       9.623110699903e+01 
       8.307818609646e-01       9.548946688455e+01 
       8.335983930320e-01       9.475578050789e+01 
       8.364149251270e-01       9.402998836971e+01 
       8.392314572492e-01       9.331192915926e+01 
       8.420479893985e-01       9.260151116856e+01 
       8.448645215745e-01       9.189859521710e+01 
       8.476810537770e-01       9.120319547279e+01 
       8.504975860057e-01       9.051497026504e+01 
       8.533141182604e-01       8.983444575363e+01 
       8.561306505407e-01       8.916119080816e+01 
       8.589471828465e-01       8.849491211455e+01 
       8.617637151775e-01       8.783523811190e+01 
       8.645802475335e-01       8.718202403181e+01 
       8.673967799141e-01       8.653546374861e+01 
       8.702133123192e-01       8.589566505969e+01 
       8.730298447486e-01       8.526278363379e+01 
       8.758463772019e-01       8.463675047486e+01 
       8.786629096790e-01       8.401723921913e+01 
       8.814794421796e-01       8.340389687969e+01 
       8.842959747036e-01       8.279645309151e+01 
       8.871125072506e-01       8.219494295592e+01 
       8.899290398205e-01       8.159929531704e+01 
       8.927455724130e-01       8.100981370184e+01 
       8.955621050280e-01       8.042663563975e+01 
       8.983786376652e-01       7.984951383692e+01 
       9.011951703244e-01       7.927825247808e+01 
       9.040117030054e-01       7.871261550208e+01 
       9.068282357080e-01       7.815219587665e+01 
       9.096447684321e-01       7.759709618095e+01 
       9.124613011773e-01       7.704741064409e+01 
       9.152778339435e-01       7.650328920402e+01 
       9.180943667306e-01       7.596482841675e+01 
       9.209108995383e-01       7.543186310054e+01 
       9.237274323664e-01       7.490418795692e+01 
       9.265439652148e-01       7.438149909821e+01 
       9.293604980832e-01       7.386353448640e+01 
       9.321770309716e-01       7.335044041915e+01 
       9.349935638796e-01       7.284222127690e+01 
       9.378100968071e-01       7.233906090247e+01 
       9.406266297540e-01       7.184100359807e+01 
       9.434431627201e-01       7.134792914311e+01 
       9.462596957052e-01       7.085963967318e+01 
       9.490762287091e-01       7.037578014790e+01 
       9.518927617317e-01       6.989632706004e+01 
       9.547092947728e-01       6.942117739851e+01 
       9.575258278322e-01       6.895052294627e+01 
       9.603423609098e-01       6.848448956872e+01 
       9.631588940055e-01       6.802304153623e+01 
       9.659754271189e-01       6.756610260674e+01 
       9.687919602501e-01       6.711345769889e+01 
       9.716084933989e-01       6.666494655797e+01 
       9.744250265650e-01       6.622029393877e+01 
       9.772415597484e-01       6.577964689744e+01 
       9.800580929489e-01       6.534302548221e+01 
       9.828746261663e-01       6.491067242346e+01 
       9.856911594005e-01       6.448247252494e+01 
       9.885076926514e-01       6.405840273092e+01 
       9.913242259188e-01       6.363820971175e+01 
       9.941407592026e-01       6.322166793976e+01 
       9.969572925026e-01       6.280869550592e+01 
       9.997738258188e-01       6.239933880451e+01 
       1.002590359151e+00       6.199371941248e+01 
       1.005406892499e+00       6.159196688977e+01 
       1.008223425862e+00       6.119401990841e+01 
       1.011039959242e+00       6.079982111744e+01 
       1.013856492636e+00       6.040910117595e+01 
       1.016673026046e+00       6.002171553591e+01 
       1.019489559471e+00       5.963759228977e+01 
       1.022306092911e+00       5.925676834017e+01 
       1.025122626367e+00       5.887936366379e+01 
       1.027939159837e+00       5.850547958477e+01 
       1.030755693321e+00       5.813510112641e+01 
       1.033572226820e+00       5.776808885349e+01 
       1.036388760334e+00       5.740425876638e+01 
       1.039205293862e+00       5.704342175989e+01 
       1.042021827404e+00       5.668556557706e+01 
       1.044838360960e+00       5.633075413321e+01 
       1.047654894531e+00       5.597909626494e+01 
       1.050471428115e+00       5.563065907111e+01 
       1.053287961713e+00       5.528540679299e+01 
       1.056104495324e+00       5.494320736455e+01 
       1.058921028949e+00       5.460388665628e+01 
       1.061737562588e+00       5.426733969799e+01 
       1.064554096240e+00       5.393350577952e+01 
       1.067370629905e+00       5.360244082579e+01 
       1.070187163583e+00       5.327428760004e+01 
       1.073003697274e+00       5.294910175786e+01 
       1.075820230978e+00       5.262681128887e+01 
       1.078636764695e+00       5.230731516548e+01 
       1.081453298425e+00       5.199042501491e+01 
       1.084269832167e+00       5.167607726416e+01 
       1.087086365922e+00       5.136421392287e+01 
       1.089902899689e+00       5.105488709081e+01 
       1.092719433468e+00       5.074824626055e+01 
       1.095535967260e+00       5.044433178549e+01 
       1.098352501064e+00       5.014306790053e+01 
       1.101169034880e+00       4.984437200633e+01 
       1.103985568707e+00       4.954802924223e+01 
       1.106802102547e+00       4.925395822737e+01 
       1.109618636399e+00       4.896225922808e+01 
       1.112435170262e+00       4.867286424031e+01 
       1.115251704136e+00       4.838595406008e+01 
       1.118068238023e+00       4.810156635256e+01 
       1.120884771920e+00       4.781958844147e+01 
       1.123701305829e+00       4.753995074081e+01 
       1.126517839749e+00       4.726246944861e+01 
       1.129334373681e+00       4.698712691891e+01 
       1.132150907623e+00       4.671387773351e+01 
       1.134967441576e+00       4.644286555225e+01 
       1.137783975541e+00       4.617405265244e+01 
       1.140600509516e+00       4.590758338462e+01 
       1.143417043502e+00       4.564336105458e+01 
       1.146233577498e+00       4.538123124746e+01 
       1.149050111505e+00       4.512113473292e+01 
       1.151866645523e+00       4.486295989721e+01 
       1.154683179551e+00       4.460674952790e+01 
       1.157499713589e+00       4.435260019191e+01 
       1.160316247638e+00       4.410048786456e+01 
       1.163132781697e+00       4.385055284965e+01 
       1.165949315766e+00       4.360264825175e+01 
       1.168765849845e+00       4.335666653118e+01 
       1.171582383934e+00       4.311255002856e+01 
       1.174398918033e+00       4.287022701007e+01 
       1.177215452142e+00       4.262968565545e+01 
       1.180031986261e+00       4.239105026544e+01 
       1.182848520389e+00       4.215439153772e+01 
       1.185665054527e+00       4.191967610675e+01 
       1.188481588674e+00       4.168686667041e+01 
       1.191298122831e+00       4.145580011792e+01 
       1.194114656998e+00       4.122644009672e+01 
       1.196931191174e+00       4.099872122977e+01 
       1.199747725359e+00       4.077271413332e+01 
       1.202564259553e+00       4.054843650338e+01 
       1.205380793757e+00       4.032594524464e+01 
       1.208197327969e+00       4.010529687753e+01 
       1.211013862191e+00       3.988638089482e+01 
       1.213830396422e+00       3.966907233365e+01 
       1.216646930661e+00       3.945337226307e+01 
       1.219463464910e+00       3.923916650324e+01 
       1.222279999167e+00       3.902652238992e+01 
       1.225096533433e+00       3.881552447439e+01 
       1.227913067707e+00       3.860619405382e+01 
       1.230729601991e+00       3.839852928863e+01 
       1.233546136282e+00       3.819247286198e+01 
       1.236362670583e+00       3.798791937669e+01 
       1.239179204891e+00       3.778479580058e+01 
       1.241995739208e+00       3.758310931787e+01 
       1.244812273534e+00       3.738283033510e+01 
       1.247628807867e+00       3.718410558072e+01 
       1.250445342209e+00       3.698695568910e+01 
       1.253261876559e+00       3.679127460488e+01 
       1.256078410917e+00       3.659712403866e+01 
       1.258894945284e+00       3.640438558625e+01 
       1.261711479658e+00       3.621292829804e+01 
       1.264528014040e+00       3.602279362846e+01 
       1.267344548430e+00       3.583401281885e+01 
       1.270161082827e+00       3.564662365806e+01 
       1.272977617233e+00       3.546072800888e+01 
       1.275794151646e+00       3.527622314654e+01 
       1.278610686067e+00       3.509308453091e+01 
       1.281427220496e+00       3.491122122755e+01 
       1.284243754932e+00       3.473059843727e+01 
       1.287060289376e+00       3.455113919473e+01 
       1.289876823827e+00       3.437302690765e+01 
       1.292693358286e+00       3.419620423057e+01 
       1.295509892752e+00       3.402072399897e+01 
       1.298326427225e+00       3.384655547019e+01 
       1.301142961706e+00       3.367365787228e+01 
       1.303959496193e+00       3.350192642000e+01 
       1.306776030688e+00       3.333132195556e+01 
       1.309592565191e+00       3.316186952580e+01 
       1.312409099700e+00       3.299356744876e+01 
       1.315225634216e+00       3.282654310083e+01 
       1.318042168740e+00       3.266077578123e+01 
       1.320858703270e+00       3.249621085652e+01 
       1.323675237807e+00       3.233278748672e+01 
       1.326491772351e+00       3.217049728202e+01 
       1.329308306902e+00       3.200923378391e+01 
       1.332124841460e+00       3.184903587306e+01 
       1.334941376024e+00       3.168993654483e+01 
       1.337757910595e+00       3.153200030473e+01 
       1.340574445173e+00       3.137525820673e+01 
       1.343390979757e+00       3.121964308764e+01 
       1.346207514348e+00       3.106508073064e+01 
       1.349024048946e+00       3.091152109270e+01 
       1.351840583550e+00       3.075894465902e+01 
       1.354657118160e+00       3.060736587225e+01 
       1.357473652777e+00       3.045682649673e+01 
       1.360290187401e+00       3.030738637702e+01 
       1.363106722030e+00       3.015900938954e+01 
       1.365923256666e+00       3.001171990643e+01 
       1.368739791308e+00       2.986539364528e+01 
       1.371556325956e+00       2.972003616854e+01 
       1.374372860611e+00       2.957557390084e+01 
       1.377189395272e+00       2.943204281810e+01 
       1.380005929938e+00       2.928948211222e+01 
       1.382822464611e+00       2.914792933494e+01 
       1.385638999290e+00       2.900737842599e+01 
       1.388455533975e+00       2.886785458469e+01 
       1.391272068666e+00       2.872924127579e+01 
       1.394088603362e+00       2.859148132066e+01 
       1.396905138065e+00       2.845455745038e+01 
       1.399721672773e+00       2.831852870613e+01 
       1.402538207488e+00       2.818342407366e+01 
       1.405354742208e+00       2.804928306836e+01 
       1.408171276933e+00       2.791606778413e+01 
       1.410987811665e+00       2.778376545140e+01 
       1.413804346402e+00       2.765233680309e+01 
       1.416620881145e+00       2.752171413030e+01 
       1.419437415893e+00       2.739186464170e+01 
       1.422253950647e+00       2.726284211620e+01 
       1.425070485406e+00       2.713468849673e+01 
       1.427887020171e+00       2.700744783555e+01 
       1.430703554942e+00       2.688107276532e+01 
       1.433520089718e+00       2.675554058960e+01 
       1.436336624499e+00       2.663080941692e+01 
       1.439153159286e+00       2.650681872344e+01 
       1.441969694078e+00       2.638356945886e+01 
       1.444786228875e+00       2.626109249635e+01 
       1.447602763678e+00       2.613944609278e+01 
       1.450419298486e+00       2.601867865702e+01 
       1.453235833299e+00       2.589868225423e+01 
       1.456052368117e+00       2.577946235258e+01 
       1.458868902941e+00       2.566100797934e+01 
       1.461685437769e+00       2.554326044118e+01 
       1.464501972603e+00       2.542618174635e+01 
       1.467318507442e+00       2.530984424606e+01 
       1.470135042286e+00       2.519428429715e+01 
       1.472951577134e+00       2.507950919528e+01 
       1.475768111988e+00       2.496550190029e+01 
       1.478584646847e+00       2.485220915030e+01 
       1.481401181711e+00       2.473960833499e+01 
       1.484217716579e+00       2.462765885076e+01 
       1.487034251453e+00       2.451639465068e+01 
       1.489850786331e+00       2.440582242068e+01 
       1.492667321214e+00       2.429592657140e+01 
       1.495483856102e+00       2.418682004521e+01 
       1.498300390995e+00       2.407841182817e+01 
       1.501116925892e+00       2.397067366372e+01 
       1.503933460794e+00       2.386358177116e+01 
       1.506749995701e+00       2.375710401278e+01 
       1.509566530613e+00       2.365122138355e+01 
       1.512383065529e+00       2.354600405610e+01 
       1.515199600450e+00       2.344145962366e+01 
       1.518016135375e+00       2.333763465387e+01 
       1.520832670305e+00       2.323446039061e+01 
       1.523649205239e+00       2.313196249353e+01 
       1.526465740178e+00       2.303000697362e+01 
       1.529282275121e+00       2.292865626680e+01 
       1.532098810069e+00       2.282787941594e+01 
       1.534915345022e+00       2.272768800321e+01 
       1.537731879978e+00       2.262819369839e+01 
       1.540548414939e+00       2.252932663402e+01 
       1.543364949905e+00       2.243104787478e+01 
       1.546181484874e+00       2.233343220888e+01 
       1.548998019848e+00       2.223633728200e+01 
       1.551814554827e+00       2.213980066260e+01 
       1.554631089809e+00       2.204377091402e+01 
       1.557447624796e+00       2.194838061760e+01 
       1.560264159787e+00       2.185359046916e+01 
       1.563080694782e+00       2.175939832825e+01 
       1.565897229782e+00       2.166576184975e+01 
       1.568713764785e+00       2.157270142762e+01 
       1.571530299793e+00       2.148018486183e+01 
       1.574346834805e+00       2.138814769057e+01 
       1.577163369821e+00       2.129664068234e+01 
       1.579979904841e+00       2.120569377101e+01 
       1.582796439865e+00       2.111529357643e+01 
       1.585612974893e+00       2.102551737331e+01 
       1.588429509925e+00       2.093627763897e+01 
       1.591246044961e+00       2.084751258985e+01 
       1.594062580001e+00       2.075926611902e+01 
       1.596879115044e+00       2.067146511333e+01 
       1.599695650092e+00       2.058422538920e+01 
       1.602512185144e+00       2.049747988124e+01 
       1.605328720199e+00       2.041122718565e+01 
       1.608145255259e+00       2.032560184006e+01 
       1.610961790322e+00       2.024043548635e+01 
       1.613778325389e+00       2.015576556550e+01 
       1.616594860460e+00       2.007152797967e+01 
       1.619411395534e+00       1.998774472684e+01 
       1.622227930613e+00       1.990451621411e+01 
       1.625044465695e+00       1.982169220066e+01 
       1.627861000781e+00       1.973942573750e+01 
       1.630677535870e+00       1.965763657176e+01 
       1.633494070963e+00       1.957634317012e+01 
       1.636310606060e+00       1.949548431695e+01 
       1.639127141160e+00       1.941509681402e+01 
       1.641943676264e+00       1.933508558852e+01 
       1.644760211372e+00       1.925555920428e+01 
       1.647576746483e+00       1.917648873403e+01 
       1.650393281598e+00       1.909791430121e+01 
       1.653209816716e+00       1.901979939789e+01 
       1.656026351838e+00       1.894213003040e+01 
       1.658842886964e+00       1.886491275557e+01 
       1.661659422092e+00       1.878809175777e+01 
       1.664475957225e+00       1.871165486265e+01 
       1.667292492361e+00       1.863563682407e+01 
       1.670109027500e+00       1.856007624037e+01 
       1.672925562642e+00       1.848498849921e+01 
       1.675742097788e+00       1.841037585762e+01 
       1.678558632938e+00       1.833611655493e+01 
       1.681375168091e+00       1.826227509796e+01 
       1.684191703247e+00       1.818885241671e+01 
       1.687008238406e+00       1.811577375304e+01 
       1.689824773569e+00       1.804309799999e+01 
       1.692641308735e+00       1.797085020780e+01 
       1.695457843905e+00       1.789903611340e+01 
       1.698274379077e+00       1.782767609222e+01 
       1.701090914253e+00       1.775671267710e+01 
       1.703907449432e+00       1.768607495681e+01 
       1.706723984615e+00       1.761580890110e+01 
       1.709540519800e+00       1.754589404442e+01 
       1.712357054989e+00       1.747639764817e+01 
       1.715173590181e+00       1.740730202096e+01 
       1.717990125376e+00       1.733861055196e+01 
       1.720806660574e+00       1.727030701587e+01 
       1.723623195775e+00       1.720233683800e+01 
       1.726439730980e+00       1.713478602938e+01 
       1.729256266187e+00       1.706751611262e+01 
       1.732072801398e+00       1.700063730232e+01 
       1.734889336612e+00       1.693408770324e+01 
       1.737705871828e+00       1.686795094999e+01 
       1.740522407048e+00       1.680218664392e+01 
       1.743338942271e+00       1.673678462188e+01 
       1.746155477497e+00       1.667177217020e+01 
       1.748972012726e+00       1.660704148553e+01 
       1.751788547957e+00       1.654265293171e+01 
       1.754605083192e+00       1.647856586792e+01 
       1.757421618430e+00       1.641485105337e+01 
       1.760238153670e+00       1.635150085713e+01 
       1.763054688914e+00       1.628852255266e+01 
       1.765871224160e+00       1.622587623269e+01 
       1.768687759410e+00       1.616357275387e+01 
       1.771504294662e+00       1.610159055585e+01 
       1.774320829917e+00       1.603989141862e+01 
       1.777137365175e+00       1.597848587786e+01 
       1.779953900436e+00       1.591745407886e+01 
       1.782770435699e+00       1.585676045651e+01 
       1.785586970966e+00       1.579637830198e+01 
       1.788403506235e+00       1.573635183773e+01 
       1.791220041507e+00       1.567664950742e+01 
       1.794036576781e+00       1.561723492301e+01 
       1.796853112059e+00       1.555807725759e+01 
       1.799669647339e+00       1.549923600170e+01 
       1.802486182622e+00       1.544073396870e+01 
       1.805302717908e+00       1.538253967113e+01 
       1.808119253196e+00       1.532468136349e+01 
       1.810935788487e+00       1.526712991629e+01 
       1.813752323781e+00       1.520987398807e+01 
       1.816568859078e+00       1.515288429874e+01 
       1.819385394377e+00       1.509614875561e+01 
       1.822201929679e+00       1.503971940974e+01 
       1.825018464983e+00       1.498357694032e+01 
       1.827835000290e+00       1.492778205746e+01 
       1.830651535600e+00       1.487228208784e+01 
       1.833468070912e+00       1.481707220798e+01 
       1.836284606227e+00       1.476212869486e+01 
       1.839101141544e+00       1.470746128087e+01 
       1.841917676864e+00       1.465304325537e+01 
       1.844734212186e+00       1.459889080187e+01 
       1.847550747511e+00       1.454504202656e+01 
       1.850367282839e+00       1.449147161111e+01 
       1.853183818169e+00       1.443825308811e+01 
       1.856000353501e+00       1.438523338659e+01 
       1.858816888836e+00       1.433251412809e+01 
       1.861633424174e+00       1.428001105251e+01 
       2.343657521127e+00       8.142741716405e+00 
       2.950490009842e+00       4.609884655056e+00 
       3.714446850635e+00       2.592791591998e+00 
       4.676211531024e+00       1.449625835418e+00 
       5.887001527331e+00       8.060625554989e-01 
       7.411295822028e+00       4.459803924661e-01 
       9.330268644675e+00       2.457055622810e-01 
       1.174611229565e+01       1.346976773441e-01 
       1.478747925878e+01       7.352323096735e-02 
       1.861633341526e+01       4.000603178994e-02 
       2.343657521090e+01       2.172515308854e-02 
       2.950490009842e+01       1.169450170584e-02 
       3.714446850635e+01       6.334647215098e-03 
       4.676211531024e+01       3.374824550913e-03 
       5.887001527331e+01       1.805425865856e-03 
       7.411295822028e+01       9.695807224882e-04 
       9.330268644675e+01       5.068666826336e-04 
       1.174611229565e+02       2.720401598621e-04 
       1.478747925878e+02       1.390782170023e-04 
