# Matter power spectrum P(k) at redshift z=0
# for k=9.1423e-06 to 147.875 h/Mpc,
# number of wavenumbers equal to 1050
#    1:k (h/Mpc)              2:P (Mpc/h)^3        
       9.142301666472e-06       5.447706870789e+01 
       2.042836522964e-05       1.207250543124e+02 
       3.174488627200e-05       1.867502189770e+02 
       4.311522688834e-05       2.528360929996e+02 
       5.456304624503e-05       3.191830146972e+02 
       6.611246267637e-05       3.859646134221e+02 
       7.778821979947e-05       4.533441933502e+02 
       8.961585837474e-05       5.214817473191e+02 
       1.016218956535e-04       5.905378751082e+02 
       1.138340139722e-04       6.606762498803e+02 
       1.262812603695e-04       7.320658509327e+02 
       1.389942590079e-04       8.048824200023e+02 
       1.520054381692e-04       8.793101770092e+02 
       1.653492735403e-04       9.555433121875e+02 
       1.790625494058e-04       1.033787523864e+03 
       1.931846391797e-04       1.114261595141e+03 
       2.077578064151e-04       1.197199009472e+03 
       2.228275269856e-04       1.282849644699e+03 
       2.384428324857e-04       1.371481512679e+03 
       2.546566739757e-04       1.463382567272e+03 
       2.715263039391e-04       1.558862539951e+03 
       2.891136726136e-04       1.658254793273e+03 
       3.074858326140e-04       1.761918133237e+03 
       3.267153428614e-04       1.870238524321e+03 
       3.468806591565e-04       1.983630625164e+03 
       3.680664941965e-04       2.102539047767e+03 
       3.903641243701e-04       2.227439149835e+03 
       4.138716143203e-04       2.358837263226e+03 
       4.386939231933e-04       2.497270060340e+03 
       4.649428490900e-04       2.643302889077e+03 
       4.927367611679e-04       2.797526710141e+03 
       5.222000631630e-04       2.960553398081e+03 
       5.534623293071e-04       3.133009061102e+03 
       5.866570556135e-04       3.315525162052e+03 
       6.219199785383e-04       3.508727016675e+03 
       6.593869313033e-04       3.713219997560e+03 
       6.991912374024e-04       3.929573073964e+03 
       7.414606814090e-04       4.158300424767e+03 
       7.863141474468e-04       4.399841411258e+03 
       8.338580709961e-04       4.654540392758e+03 
       8.841829024428e-04       4.922627008341e+03 
       9.373598209100e-04       5.204199021936e+03 
       9.934379538704e-04       5.499208803555e+03 
       1.052442343416e-03       5.807455145192e+03 
       1.114372850639e-03       6.128581273641e+03 
       1.179204109393e-03       6.462079675806e+03 
       1.246886541097e-03       6.807303398706e+03 
       1.317348339777e-03       7.163482915171e+03 
       1.390498248551e-03       7.529747460256e+03 
       1.466228889144e-03       7.905148130357e+03 
       1.544420381770e-03       8.288684225859e+03 
       1.624944002913e-03       8.679325566872e+03 
       1.707665665943e-03       9.076035646564e+03 
       1.792449063302e-03       9.477791650500e+03 
       1.879158367967e-03       9.883599288039e+03 
       1.967660447027e-03       1.029250771454e+04 
       2.057826585552e-03       1.070362010946e+04 
       2.149533751954e-03       1.111611230959e+04 
       2.242665456852e-03       1.152918421361e+04 
       2.337112267704e-03       1.194211913820e+04 
       2.432772043708e-03       1.235426308060e+04 
       2.529549952208e-03       1.276502310960e+04 
       2.627358321337e-03       1.317386338672e+04 
       2.726116375589e-03       1.358030374802e+04 
       2.825749892675e-03       1.398391329308e+04 
       2.926190812134e-03       1.438431049776e+04 
       3.027376819179e-03       1.478115666889e+04 
       3.129250921308e-03       1.517415249931e+04 
       3.231761030324e-03       1.556303509346e+04 
       3.334859558548e-03       1.594757470724e+04 
       3.438503034957e-03       1.632757159254e+04 
       3.542651744717e-03       1.670285302853e+04 
       3.647269393861e-03       1.707326983671e+04 
       3.752322799653e-03       1.743869493491e+04 
       3.857781606312e-03       1.779902337308e+04 
       3.963618025201e-03       1.815416176784e+04 
       4.069806598198e-03       1.850403641192e+04 
       4.176323982780e-03       1.884858994733e+04 
       4.283148757222e-03       1.918776951522e+04 
       4.390261244310e-03       1.952154338644e+04 
       4.497643351974e-03       1.984988159019e+04 
       4.605278429334e-03       2.017276869269e+04 
       4.713151136718e-03       2.049018923530e+04 
       4.821247328329e-03       2.080214776906e+04 
       4.929553946317e-03       2.110864165689e+04 
       5.038058925136e-03       2.140968473548e+04 
       5.146751105159e-03       2.170529113986e+04 
       5.255620154617e-03       2.199547996274e+04 
       5.364656499021e-03       2.228027805341e+04 
       5.473851257308e-03       2.255970580210e+04 
       5.583196184035e-03       2.283379674325e+04 
       5.692683616999e-03       2.310258646519e+04 
       5.802306429742e-03       2.336610940621e+04 
       5.912057988447e-03       2.362438885307e+04 
       6.021932112788e-03       2.387749600684e+04 
       6.131923040328e-03       2.412544645296e+04 
       6.242025394130e-03       2.436828449594e+04 
       6.352234153252e-03       2.460606601271e+04 
       6.462544625846e-03       2.483881457482e+04 
       6.572952424615e-03       2.506660574940e+04 
       6.683453444393e-03       2.528947156741e+04 
       6.794043841641e-03       2.550745124114e+04 
       6.904720015699e-03       2.572059381027e+04 
       7.015478591597e-03       2.592896921691e+04 
       7.126316404309e-03       2.613259448255e+04 
       7.237230484298e-03       2.633152331077e+04 
       7.348218044243e-03       2.652584443523e+04 
       7.459276466838e-03       2.671555735648e+04 
       7.570403293563e-03       2.690075451785e+04 
       7.681596214352e-03       2.708145908480e+04 
       7.792853058065e-03       2.725770698438e+04 
       7.904171783704e-03       2.742955894923e+04 
       8.015550472300e-03       2.759709039350e+04 
       8.126987319430e-03       2.776031124246e+04 
       8.238480628285e-03       2.791929915577e+04 
       8.350028803267e-03       2.807409763549e+04 
       8.461630344060e-03       2.822475493628e+04 
       8.573283840135e-03       2.837129692402e+04 
       8.684987965658e-03       2.851377807063e+04 
       8.796741474765e-03       2.865228524908e+04 
       8.908543197178e-03       2.878681819602e+04 
       9.020392034133e-03       2.891744050625e+04 
       9.132286954600e-03       2.904421230575e+04 
       9.244226991758e-03       2.916715551455e+04 
       9.356211239732e-03       2.928633523565e+04 
       9.468238850540e-03       2.940179036715e+04 
       9.580309031264e-03       2.951355899068e+04 
       9.692421041410e-03       2.962171071778e+04 
       9.804574190444e-03       2.972624743115e+04 
       9.916767835502e-03       2.982726567601e+04 
       1.002900137926e-02       2.992475428134e+04 
       1.014127426791e-02       3.001880121986e+04 
       1.025358598937e-02       3.010942617751e+04 
       1.036593607146e-02       3.019671315868e+04 
       1.047832408037e-02       3.028063297363e+04 
       1.059074961907e-02       3.036126801598e+04 
       1.070321232599e-02       3.043867887699e+04 
       1.081571187362e-02       3.051288847597e+04 
       1.092824796737e-02       3.058392765098e+04 
       1.104082034434e-02       3.065184381512e+04 
       1.115342877234e-02       3.071667507508e+04 
       1.126607304884e-02       3.077845543764e+04 
       1.137875300008e-02       3.083728586578e+04 
       1.149146848018e-02       3.089313393627e+04 
       1.160421937038e-02       3.094602521488e+04 
       1.171700557827e-02       3.099605727785e+04 
       1.182982703710e-02       3.104325313433e+04 
       1.194268370516e-02       3.108763641978e+04 
       1.205557556519e-02       3.112924993600e+04 
       1.216850262379e-02       3.116814376399e+04 
       1.228146491100e-02       3.120433483661e+04 
       1.239446247974e-02       3.123786680473e+04 
       1.250749540546e-02       3.126878218869e+04 
       1.262056378572e-02       3.129710277161e+04 
       1.273366773984e-02       3.132287747352e+04 
       1.284680740859e-02       3.134614674708e+04 
       1.295998295388e-02       3.136693470231e+04 
       1.307319455850e-02       3.138524841531e+04 
       1.318644242593e-02       3.140122053592e+04 
       1.329972678009e-02       3.141498653500e+04 
       1.341304786517e-02       3.142634808948e+04 
       1.352640594550e-02       3.143522296696e+04 
       1.363980130541e-02       3.144181187596e+04 
       1.375323424911e-02       3.144621129230e+04 
       1.386670510064e-02       3.144834504355e+04 
       1.398021420377e-02       3.144833413203e+04 
       1.409376192201e-02       3.144614070751e+04 
       1.420734863853e-02       3.144182855021e+04 
       1.432097475623e-02       3.143544846951e+04 
       1.443464069769e-02       3.142698643003e+04 
       1.454834690528e-02       3.141654122822e+04 
       1.466209384113e-02       3.140405260769e+04 
       1.477588198731e-02       3.138959767163e+04 
       1.488971184584e-02       3.137321933434e+04 
       1.500358393883e-02       3.135490171961e+04 
       1.511749880861e-02       3.133476301305e+04 
       1.523145701788e-02       3.131268063505e+04 
       1.534545914984e-02       3.128881770169e+04 
       1.545950580842e-02       3.126319324437e+04 
       1.557359761840e-02       3.123574385536e+04 
       1.568773522569e-02       3.120658458427e+04 
       1.580191929752e-02       3.117570820269e+04 
       1.591615052269e-02       3.114313389245e+04 
       1.603042961181e-02       3.110893112611e+04 
       1.614475729759e-02       3.107307839047e+04 
       1.625913433514e-02       3.103553705687e+04 
       1.637356150225e-02       3.099653956402e+04 
       1.648803959971e-02       3.095593729562e+04 
       1.660256945168e-02       3.091380345217e+04 
       1.671715190600e-02       3.087024485935e+04 
       1.683178783459e-02       3.082514474922e+04 
       1.694647813382e-02       3.077861155119e+04 
       1.706122372493e-02       3.073063528862e+04 
       1.717602555441e-02       3.068123498269e+04 
       1.729088459449e-02       3.063052807591e+04 
       1.740580184355e-02       3.057844056800e+04 
       1.752077832661e-02       3.052502618533e+04 
       1.763581509582e-02       3.047027812867e+04 
       1.775091323097e-02       3.041433331417e+04 
       1.786607383998e-02       3.035710705415e+04 
       1.798129805951e-02       3.029863181152e+04 
       1.809658705545e-02       3.023895169024e+04 
       1.821194202358e-02       3.017809524659e+04 
       1.832736419010e-02       3.011609805095e+04 
       1.844285481230e-02       3.005298491739e+04 
       1.855841517919e-02       2.998874385316e+04 
       1.867404661218e-02       2.992337796294e+04 
       1.878975046575e-02       2.985700850605e+04 
       1.890552812816e-02       2.978957247932e+04 
       1.902138102221e-02       2.972106557386e+04 
       1.913731060597e-02       2.965159434808e+04 
       1.925331837360e-02       2.958119512078e+04 
       1.936940585609e-02       2.950973846819e+04 
       1.948557462219e-02       2.943739372016e+04 
       1.960182627919e-02       2.936413775117e+04 
       1.971816247384e-02       2.929000477569e+04 
       1.983458489328e-02       2.921501741003e+04 
       1.995109526596e-02       2.913911723411e+04 
       2.006769536263e-02       2.906237901100e+04 
       2.018438699735e-02       2.898488271924e+04 
       2.030117202854e-02       2.890655264455e+04 
       2.041805236001e-02       2.882748030967e+04 
       2.053502994213e-02       2.874763281053e+04 
       2.065210677291e-02       2.866703195470e+04 
       2.076928489924e-02       2.858574300256e+04 
       2.088656641804e-02       2.850369828327e+04 
       2.100395347759e-02       2.842102038393e+04 
       2.112144827877e-02       2.833773447088e+04 
       2.123905307642e-02       2.825367104253e+04 
       2.135677018072e-02       2.816902156022e+04 
       2.147460195863e-02       2.808380881845e+04 
       2.159255083534e-02       2.799805399713e+04 
       2.171061929582e-02       2.791161709593e+04 
       2.182880988636e-02       2.782466563507e+04 
       2.194712521623e-02       2.773718339286e+04 
       2.206556795934e-02       2.764917647143e+04 
       2.218414085597e-02       2.756059631241e+04 
       2.230284671457e-02       2.747160094431e+04 
       2.242168841363e-02       2.738208448288e+04 
       2.254066890356e-02       2.729212923931e+04 
       2.265979120871e-02       2.720169956762e+04 
       2.277905842939e-02       2.711086351094e+04 
       2.289847374401e-02       2.701959190114e+04 
       2.301804041127e-02       2.692793303114e+04 
       2.313776177243e-02       2.683585501665e+04 
       2.325764125365e-02       2.674342556287e+04 
       2.337768236845e-02       2.665066749943e+04 
       2.349788872018e-02       2.655751427728e+04 
       2.361826400471e-02       2.646408938120e+04 
       2.373881201303e-02       2.637023482594e+04 
       2.385953663416e-02       2.627628325237e+04 
       2.398044185797e-02       2.618195095268e+04 
       2.410153177824e-02       2.608729721594e+04 
       2.422281059574e-02       2.599236214369e+04 
       2.434428262152e-02       2.589722862282e+04 
       2.446595228023e-02       2.580184323608e+04 
       2.458782411362e-02       2.570625934026e+04 
       2.470990278414e-02       2.561044459093e+04 
       2.483219307875e-02       2.551439098024e+04 
       2.495469991276e-02       2.541820040129e+04 
       2.507742833391e-02       2.532181279837e+04 
       2.520038352660e-02       2.522526144517e+04 
       2.532357081624e-02       2.512849728308e+04 
       2.544699567383e-02       2.503162919070e+04 
       2.557066372066e-02       2.493465460112e+04 
       2.569458073328e-02       2.483759888150e+04 
       2.581875264861e-02       2.474034328154e+04 
       2.594318556927e-02       2.464298999424e+04 
       2.606788576915e-02       2.454552613176e+04 
       2.619285969920e-02       2.444809906728e+04 
       2.631811399346e-02       2.435045313051e+04 
       2.644365547537e-02       2.425280013506e+04 
       2.656949116431e-02       2.415507529354e+04 
       2.669562828247e-02       2.405735486868e+04 
       2.682207426196e-02       2.395956043767e+04 
       2.694883675230e-02       2.386166786310e+04 
       2.707592362817e-02       2.376384634630e+04 
       2.720334299761e-02       2.366602425289e+04 
       2.733110321043e-02       2.356817371385e+04 
       2.745921286719e-02       2.347028381731e+04 
       2.758768082845e-02       2.337247989860e+04 
       2.771651622449e-02       2.327457753974e+04 
       2.784572846555e-02       2.317677102789e+04 
       2.797532725242e-02       2.307896647346e+04 
       2.810532258770e-02       2.298124483457e+04 
       2.823572478743e-02       2.288354668019e+04 
       2.836654449342e-02       2.278586455920e+04 
       2.849779268614e-02       2.268828646955e+04 
       2.862948069822e-02       2.259076060552e+04 
       2.876162022866e-02       2.249329680091e+04 
       2.889422335775e-02       2.239581772912e+04 
       2.902730256276e-02       2.229859374022e+04 
       2.916087073439e-02       2.220128998351e+04 
       2.929494119420e-02       2.210418704689e+04 
       2.942952771278e-02       2.200710700066e+04 
       2.956464452906e-02       2.191012938280e+04 
       2.970030637053e-02       2.181327950734e+04 
       2.983652847464e-02       2.171651839276e+04 
       2.997332661135e-02       2.161987364111e+04 
       3.011071710690e-02       2.152335157714e+04 
       3.024871686898e-02       2.142693583414e+04 
       3.038734341329e-02       2.133060730845e+04 
       3.052661489158e-02       2.123444529170e+04 
       3.066655012146e-02       2.113840768081e+04 
       3.080716861779e-02       2.104249173093e+04 
       3.094849062605e-02       2.094673976575e+04 
       3.109053715768e-02       2.085106012796e+04 
       3.123333002758e-02       2.075552324500e+04 
       3.137689189390e-02       2.066008720994e+04 
       3.152124630033e-02       2.056482419473e+04 
       3.166641772104e-02       2.046979208659e+04 
       3.181243160854e-02       2.037480084484e+04 
       3.195931444452e-02       2.027994417101e+04 
       3.210709379420e-02       2.018528318712e+04 
       3.225579836409e-02       2.009059097331e+04 
       3.240545806377e-02       1.999623194504e+04 
       3.255610407182e-02       1.990197426538e+04 
       3.270776890632e-02       1.980782519505e+04 
       3.286048650023e-02       1.971384105863e+04 
       3.301429228221e-02       1.961998214657e+04 
       3.316922326313e-02       1.952630267375e+04 
       3.332531812897e-02       1.943265952300e+04 
       3.348261734056e-02       1.933926556251e+04 
       3.364116324075e-02       1.924587115464e+04 
       3.380100016982e-02       1.915270595124e+04 
       3.396217458972e-02       1.905968742932e+04 
       3.412473521804e-02       1.896668638486e+04 
       3.428873317270e-02       1.887390860262e+04 
       3.445422212824e-02       1.878117866223e+04 
       3.462125848496e-02       1.868862599066e+04 
       3.478990155217e-02       1.859604043673e+04 
       3.496021374685e-02       1.850375973194e+04 
       3.513226080954e-02       1.841146175566e+04 
       3.530611203895e-02       1.831925912605e+04 
       3.548184054749e-02       1.822715266210e+04 
       3.565952353995e-02       1.813504928373e+04 
       3.583924261768e-02       1.804315241075e+04 
       3.602108411130e-02       1.795122440586e+04 
       3.620513944511e-02       1.785934569862e+04 
       3.639150553679e-02       1.776757955886e+04 
       3.658028523656e-02       1.767576129927e+04 
       3.677158781057e-02       1.758402841932e+04 
       3.696552947376e-02       1.749226020935e+04 
       3.716223397844e-02       1.740055825524e+04 
       3.736183326559e-02       1.730883763069e+04 
       3.756446818692e-02       1.721710754708e+04 
       3.777028930699e-02       1.712526471569e+04 
       3.797945779616e-02       1.703339759292e+04 
       3.819214642670e-02       1.694149516497e+04 
       3.840854068659e-02       1.684947727536e+04 
       3.862884002763e-02       1.675734174963e+04 
       3.885325926754e-02       1.666512938631e+04 
       3.908203016896e-02       1.657275219744e+04 
       3.931540322221e-02       1.648017537653e+04 
       3.955364966358e-02       1.638742423052e+04 
       3.979706376676e-02       1.629442834911e+04 
       4.004596545175e-02       1.620117800106e+04 
       4.030070326442e-02       1.610763273195e+04 
       4.056165779015e-02       1.601377723950e+04 
       4.082924557749e-02       1.591962335278e+04 
       4.110392366361e-02       1.582498555322e+04 
       4.138619481235e-02       1.572994974673e+04 
       4.167661359962e-02       1.563443126279e+04 
       4.197579351036e-02       1.553832834575e+04 
       4.228441524840e-02       1.544162074061e+04 
       4.260323650682e-02       1.534426051898e+04 
       4.293310350488e-02       1.524608980334e+04 
       4.327496467147e-02       1.514715180646e+04 
       4.362988694836e-02       1.504718827596e+04 
       4.399907530586e-02       1.494618961288e+04 
       4.438389621477e-02       1.484403639165e+04 
       4.478590601202e-02       1.474053179729e+04 
       4.520688534327e-02       1.463556213162e+04 
       4.564888117823e-02       1.452888055289e+04 
       4.611425828685e-02       1.442024707297e+04 
       4.660576255235e-02       1.430941495344e+04 
       4.712659908478e-02       1.419602741173e+04 
       4.768052877689e-02       1.407968036134e+04 
       4.827198765321e-02       1.395983072693e+04 
       4.890623395057e-02       1.383590298355e+04 
       4.958952797860e-02       1.370701614481e+04 
       5.032934869723e-02       1.357217834483e+04 
       5.113464712676e-02       1.343008031228e+04 
       5.201612736626e-02       1.327895176343e+04 
       5.298652616637e-02       1.311654001501e+04 
       5.406082378606e-02       1.293978144129e+04 
       5.525625220927e-02       1.274475059298e+04 
       5.659186621761e-02       1.252635505763e+04 
       5.808732924253e-02       1.227826658943e+04 
       5.976053272399e-02       1.199318919384e+04 
       6.162392566457e-02       1.166379376704e+04 
       6.368021762765e-02       1.128448649227e+04 
       6.591926356351e-02       1.085401856523e+04 
       6.831836382711e-02       1.037767863715e+04 
       7.084667288960e-02       9.867931178729e+03 
       7.347168638513e-02       9.342655607962e+03 
       7.616463088753e-02       8.821672012782e+03 
       7.890303552584e-02       8.323521928055e+03 
       8.167083210407e-02       7.862639853325e+03 
       8.445719702925e-02       7.448486057289e+03 
       8.725511913668e-02       7.085147126993e+03 
       9.006016864215e-02       6.772204485324e+03 
       9.286958998144e-02       6.505567823770e+03 
       9.568168538176e-02       6.278628680812e+03 
       9.849541483496e-02       6.083346440072e+03 
       1.013101434158e-01       5.911064068760e+03 
       1.041254842160e-01       5.753463372681e+03 
       1.069412016492e-01       5.603159012535e+03 
       1.097571522660e-01       5.454262709059e+03 
       1.125732486540e-01       5.302706344336e+03 
       1.153894374648e-01       5.146355685161e+03 
       1.182056860551e-01       4.984914390353e+03 
       1.210219743709e-01       4.819667145333e+03 
       1.238382900188e-01       4.652972732497e+03 
       1.266546252720e-01       4.487806177076e+03 
       1.294709752525e-01       4.327228483376e+03 
       1.322873368257e-01       4.174004607200e+03 
       1.351037079291e-01       4.030274083121e+03 
       1.379200871629e-01       3.897401089715e+03 
       1.407364735411e-01       3.775948394773e+03 
       1.435528663387e-01       3.665721376900e+03 
       1.463692649990e-01       3.565922051553e+03 
       1.491856690758e-01       3.475284343381e+03 
       1.520020781974e-01       3.392279791535e+03 
       1.548184920450e-01       3.315263891422e+03 
       1.576349103380e-01       3.242638595351e+03 
       1.604513328249e-01       3.172972137484e+03 
       1.632677592777e-01       3.105091374638e+03 
       1.660841894872e-01       3.038147156778e+03 
       1.689006232607e-01       2.971629050558e+03 
       1.717170604191e-01       2.905355783337e+03 
       1.745335007961e-01       2.839428621963e+03 
       1.773499442364e-01       2.774158454690e+03 
       1.801663905946e-01       2.709985244734e+03 
       1.829828397348e-01       2.647397321619e+03 
       1.857992915294e-01       2.586858987596e+03 
       1.886157458584e-01       2.528752424192e+03 
       1.914322026091e-01       2.473343591084e+03 
       1.942486616754e-01       2.420766286566e+03 
       1.970651229572e-01       2.371025772060e+03 
       1.998815863603e-01       2.324011895737e+03 
       2.026980517955e-01       2.279528344511e+03 
       2.055145191789e-01       2.237323695146e+03 
       2.083309884308e-01       2.197102481739e+03 
       2.111474594759e-01       2.158573677415e+03 
       2.139639322431e-01       2.121464605260e+03 
       2.167804066646e-01       2.085532112016e+03 
       2.195968826766e-01       2.050581789655e+03 
       2.224133602181e-01       2.016472211071e+03 
       2.252298392315e-01       1.983112917998e+03 
       2.280463196619e-01       1.950460351979e+03 
       2.308628014570e-01       1.918509683540e+03 
       2.336792845673e-01       1.887283309737e+03 
       2.364957689455e-01       1.856819885654e+03 
       2.393122545466e-01       1.827163524627e+03 
       2.421287413276e-01       1.798354115626e+03 
       2.449452292476e-01       1.770421838682e+03 
       2.477617182676e-01       1.743380889222e+03 
       2.505782083502e-01       1.717229205711e+03 
       2.533946994599e-01       1.691948245681e+03 
       2.562111915625e-01       1.667507309452e+03 
       2.590276846255e-01       1.643865640249e+03 
       2.618441786178e-01       1.620972631711e+03 
       2.646606735095e-01       1.598778145474e+03 
       2.674771692720e-01       1.577226775166e+03 
       2.702936658781e-01       1.556280721771e+03 
       2.731101633014e-01       1.535882654515e+03 
       2.759266615168e-01       1.516006543394e+03 
       2.787431605002e-01       1.496618023791e+03 
       2.815596602284e-01       1.477693465640e+03 
       2.843761606792e-01       1.459215251918e+03 
       2.871926618313e-01       1.441169860352e+03 
       2.900091636640e-01       1.423549169865e+03 
       2.928256661577e-01       1.406344153369e+03 
       2.956421692933e-01       1.389548573512e+03 
       2.984586730527e-01       1.373157411008e+03 
       3.012751774182e-01       1.357161790626e+03 
       3.040916823730e-01       1.341556108608e+03 
       3.069081879006e-01       1.326329110345e+03 
       3.097246939855e-01       1.311471130738e+03 
       3.125412006125e-01       1.296969715651e+03 
       3.153577077670e-01       1.282814144071e+03 
       3.181742154349e-01       1.268989603570e+03 
       3.209907236027e-01       1.255485878264e+03 
       3.238072322573e-01       1.242288378718e+03 
       3.266237413859e-01       1.229387322433e+03 
       3.294402509765e-01       1.216768543786e+03 
       3.322567610172e-01       1.204424241929e+03 
       3.350732714965e-01       1.192345117111e+03 
       3.378897824036e-01       1.180520094903e+03 
       3.407062937277e-01       1.168942413255e+03 
       3.435228054586e-01       1.157608230683e+03 
       3.463393175862e-01       1.146505004581e+03 
       3.491558301010e-01       1.135630477918e+03 
       3.519723429936e-01       1.124976348700e+03 
       3.547888562550e-01       1.114538429544e+03 
       3.576053698764e-01       1.104310853474e+03 
       3.604218838493e-01       1.094287553626e+03 
       3.632383981656e-01       1.084462810978e+03 
       3.660549128173e-01       1.074832300500e+03 
       3.688714277967e-01       1.065389335407e+03 
       3.716879430962e-01       1.056130280203e+03 
       3.745044587088e-01       1.047048681718e+03 
       3.773209746272e-01       1.038139628659e+03 
       3.801374908447e-01       1.029398937383e+03 
       3.829540073547e-01       1.020821494732e+03 
       3.857705241507e-01       1.012403023763e+03 
       3.885870412265e-01       1.004138809145e+03 
       3.914035585761e-01       9.960251699706e+02 
       3.942200761935e-01       9.880575569486e+02 
       3.970365940730e-01       9.802326881167e+02 
       3.998531122091e-01       9.725475393667e+02 
       4.026696305964e-01       9.649959550845e+02 
       4.054861492296e-01       9.575784625554e+02 
       4.083026681035e-01       9.502868799885e+02 
       4.111191872134e-01       9.431222057332e+02 
       4.139357065542e-01       9.360794510534e+02 
       4.167522261213e-01       9.291563944949e+02 
       4.195687459102e-01       9.223493289674e+02 
       4.223852659164e-01       9.156558002605e+02 
       4.252017861355e-01       9.090734950704e+02 
       4.280183065634e-01       9.025991260122e+02 
       4.308348271959e-01       8.962302187276e+02 
       4.336513480290e-01       8.899641393354e+02 
       4.364678690588e-01       8.837989620687e+02 
       4.392843902816e-01       8.777316674542e+02 
       4.421009116937e-01       8.717604628954e+02 
       4.449174332913e-01       8.658827340258e+02 
       4.477339550711e-01       8.600966702149e+02 
       4.505504770296e-01       8.543994371998e+02 
       4.533669991634e-01       8.487902102467e+02 
       4.561835214693e-01       8.432655669714e+02 
       4.590000439442e-01       8.378247706161e+02 
       4.618165665848e-01       8.324654760914e+02 
       4.646330893883e-01       8.271860155213e+02 
       4.674496123516e-01       8.219839955446e+02 
       4.702661354718e-01       8.168582623789e+02 
       4.730826587462e-01       8.118074880934e+02 
       4.758991821720e-01       8.068293903692e+02 
       4.787157057465e-01       8.019227464567e+02 
       4.815322294672e-01       7.970857352680e+02 
       4.843487533314e-01       7.923170710663e+02 
       4.871652773366e-01       7.876154781857e+02 
       4.899818014804e-01       7.829791254118e+02 
       4.927983257605e-01       7.784069144893e+02 
       4.956148501745e-01       7.738972426458e+02 
       4.984313747201e-01       7.694491906815e+02 
       5.012478993951e-01       7.650611857286e+02 
       5.040644241973e-01       7.607320771364e+02 
       5.068809491247e-01       7.564606359375e+02 
       5.096974741750e-01       7.522457077901e+02 
       5.125139993463e-01       7.480861137202e+02 
       5.153305246367e-01       7.439807891858e+02 
       5.181470500440e-01       7.399285840695e+02 
       5.209635755666e-01       7.359284585694e+02 
       5.237801012024e-01       7.319794676341e+02 
       5.265966269496e-01       7.280804136858e+02 
       5.294131528066e-01       7.242304212760e+02 
       5.322296787715e-01       7.204286171545e+02 
       5.350462048426e-01       7.166738557212e+02 
       5.378627310182e-01       7.129653470660e+02 
       5.406792572968e-01       7.093023311748e+02 
       5.434957836766e-01       7.056836495990e+02 
       5.463123101562e-01       7.021086906315e+02 
       5.491288367340e-01       6.985765446125e+02 
       5.519453634085e-01       6.950863636471e+02 
       5.547618901782e-01       6.916374415396e+02 
       5.575784170417e-01       6.882288999351e+02 
       5.603949439975e-01       6.848600800125e+02 
       5.632114710443e-01       6.815301816893e+02 
       5.660279981807e-01       6.782385523374e+02 
       5.688445254054e-01       6.749844046488e+02 
       5.716610527170e-01       6.717671579192e+02 
       5.744775801143e-01       6.685861095133e+02 
       5.772941075960e-01       6.654405251324e+02 
       5.801106351609e-01       6.623298435748e+02 
       5.829271628077e-01       6.592534176032e+02 
       5.857436905354e-01       6.562106637787e+02 
       5.885602183427e-01       6.532009442506e+02 
       5.913767462285e-01       6.502237004682e+02 
       5.941932741916e-01       6.472783456609e+02 
       5.970098022311e-01       6.443643400016e+02 
       5.998263303457e-01       6.414810204002e+02 
       6.026428585345e-01       6.386281327718e+02 
       6.054593867963e-01       6.358050146578e+02 
       6.082759151303e-01       6.330109612628e+02 
       6.110924435353e-01       6.302457631249e+02 
       6.139089720104e-01       6.275087808976e+02 
       6.167255005547e-01       6.247994728063e+02 
       6.195420291672e-01       6.221176538789e+02 
       6.223585578470e-01       6.194625004543e+02 
       6.251750865931e-01       6.168338584834e+02 
       6.279916154046e-01       6.142310975962e+02 
       6.308081442808e-01       6.116538755081e+02 
       6.336246732207e-01       6.091017521019e+02 
       6.364412022234e-01       6.065743218249e+02 
       6.392577312882e-01       6.040712021752e+02 
       6.420742604142e-01       6.015919088044e+02 
       6.448907896006e-01       5.991361903458e+02 
       6.477073188467e-01       5.967036621571e+02 
       6.505238481516e-01       5.942938155914e+02 
       6.533403775146e-01       5.919064145393e+02 
       6.561569069349e-01       5.895409626682e+02 
       6.589734364119e-01       5.871972647396e+02 
       6.617899659447e-01       5.848749518714e+02 
       6.646064955327e-01       5.825736129831e+02 
       6.674230251751e-01       5.802930254811e+02 
       6.702395548714e-01       5.780328385080e+02 
       6.730560846207e-01       5.757925084150e+02 
       6.758726144225e-01       5.735721225432e+02 
       6.786891442760e-01       5.713709939169e+02 
       6.815056741807e-01       5.691891572412e+02 
       6.843222041359e-01       5.670261381744e+02 
       6.871387341410e-01       5.648816546312e+02 
       6.899552641953e-01       5.627555776227e+02 
       6.927717942984e-01       5.606474460405e+02 
       6.955883244495e-01       5.585570737231e+02 
       6.984048546481e-01       5.564842145958e+02 
       7.012213848936e-01       5.544285450160e+02 
       7.040379151855e-01       5.523898430026e+02 
       7.068544455231e-01       5.503680404730e+02 
       7.096709759061e-01       5.483624726272e+02 
       7.124875063337e-01       5.463732372695e+02 
       7.153040368056e-01       5.444000544852e+02 
       7.181205673211e-01       5.424425214150e+02 
       7.209370978797e-01       5.405007034400e+02 
       7.237536284810e-01       5.385740711362e+02 
       7.265701591245e-01       5.366626046433e+02 
       7.293866898096e-01       5.347661919590e+02 
       7.322032205360e-01       5.328842431090e+02 
       7.350197513030e-01       5.310169131682e+02 
       7.378362821102e-01       5.291638792398e+02 
       7.406528129573e-01       5.273249076283e+02 
       7.434693438436e-01       5.254998499718e+02 
       7.462858747689e-01       5.236884115922e+02 
       7.491024057326e-01       5.218905037357e+02 
       7.519189367343e-01       5.201059436751e+02 
       7.547354677736e-01       5.183345353527e+02 
       7.575519988500e-01       5.165760456148e+02 
       7.603685299632e-01       5.148304083823e+02 
       7.631850611127e-01       5.130973487535e+02 
       7.660015922982e-01       5.113767855733e+02 
       7.688181235192e-01       5.096685334374e+02 
       7.716346547754e-01       5.079723161618e+02 
       7.744511860664e-01       5.062881103080e+02 
       7.772677173917e-01       5.046156677829e+02 
       7.800842487511e-01       5.029549899555e+02 
       7.829007801441e-01       5.013057616889e+02 
       7.857173115704e-01       4.996678655799e+02 
       7.885338430296e-01       4.980412116713e+02 
       7.913503745214e-01       4.964256276153e+02 
       7.941669060454e-01       4.948209242970e+02 
       7.969834376013e-01       4.932270488957e+02 
       7.997999691888e-01       4.916438124554e+02 
       8.026165008075e-01       4.900710853845e+02 
       8.054330324571e-01       4.885087415034e+02 
       8.082495641372e-01       4.869566765476e+02 
       8.110660958476e-01       4.854147112466e+02 
       8.138826275880e-01       4.838827298956e+02 
       8.166991593579e-01       4.823607158059e+02 
       8.195156911572e-01       4.808483861537e+02 
       8.223322229855e-01       4.793456566583e+02 
       8.251487548425e-01       4.778524620744e+02 
       8.279652867279e-01       4.763686846359e+02 
       8.307818186415e-01       4.748941911509e+02 
       8.335983505829e-01       4.734288809233e+02 
       8.364148825519e-01       4.719727554595e+02 
       8.392314145482e-01       4.705255589555e+02 
       8.420479465715e-01       4.690873215408e+02 
       8.448644786215e-01       4.676576147351e+02 
       8.476810106980e-01       4.662364324882e+02 
       8.504975428007e-01       4.648234045723e+02 
       8.533140749294e-01       4.634193661519e+02 
       8.561306070838e-01       4.620240069033e+02 
       8.589471392636e-01       4.606371060420e+02 
       8.617636714686e-01       4.592582798977e+02 
       8.645802036986e-01       4.578872025463e+02 
       8.673967359532e-01       4.565239169937e+02 
       8.702132682324e-01       4.551683722988e+02 
       8.730298005357e-01       4.538206790410e+02 
       8.758463328631e-01       4.524809125667e+02 
       8.786628652142e-01       4.511488367574e+02 
       8.814793975888e-01       4.498244176402e+02 
       8.842959299868e-01       4.485073360399e+02 
       8.871124624078e-01       4.471976524720e+02 
       8.899289948517e-01       4.458950713862e+02 
       8.927455273182e-01       4.445998316089e+02 
       8.955620598072e-01       4.433118941530e+02 
       8.983785923184e-01       4.420309841144e+02 
       9.011951248517e-01       4.407570428841e+02 
       9.040116574067e-01       4.394899488597e+02 
       9.068281899834e-01       4.382293477313e+02 
       9.096447225814e-01       4.369755185975e+02 
       9.124612552007e-01       4.357284863193e+02 
       9.152777878409e-01       4.344883300701e+02 
       9.180943205020e-01       4.332550948325e+02 
       9.209108531837e-01       4.320284286262e+02 
       9.237273858858e-01       4.308081072603e+02 
       9.265439186082e-01       4.295938226474e+02 
       9.293604513507e-01       4.283853239098e+02 
       9.321769841130e-01       4.271829240016e+02 
       9.349935168951e-01       4.259867216155e+02 
       9.378100496966e-01       4.247969050786e+02 
       9.406265825176e-01       4.236135534847e+02 
       9.434431153577e-01       4.224365390828e+02 
       9.462596482168e-01       4.212656029707e+02 
       9.490761810947e-01       4.201001239558e+02 
       9.518927139913e-01       4.189401787101e+02 
       9.547092469064e-01       4.177854998737e+02 
       9.575257798398e-01       4.166364455447e+02 
       9.603423127915e-01       4.154931736584e+02 
       9.631588457611e-01       4.143557093803e+02 
       9.659753787486e-01       4.132241093587e+02 
       9.687919117538e-01       4.120980710278e+02 
       9.716084447766e-01       4.109775356197e+02 
       9.744249778167e-01       4.098620558628e+02 
       9.772415108741e-01       4.087517798623e+02 
       9.800580439486e-01       4.076466731420e+02 
       9.828745770400e-01       4.065469933473e+02 
       9.856911101483e-01       4.054525417893e+02 
       9.885076432732e-01       4.043633660179e+02 
       9.913241764146e-01       4.032791592875e+02 
       9.941407095724e-01       4.021997503619e+02 
       9.969572427465e-01       4.011250868022e+02 
       9.997737759366e-01       4.000552896333e+02 
       1.002590309143e+00       3.989905192234e+02 
       1.005406842365e+00       3.979309770450e+02 
       1.008223375602e+00       3.968765321348e+02 
       1.011039908856e+00       3.958270671983e+02 
       1.013856442124e+00       3.947822075197e+02 
       1.016672975408e+00       3.937417455227e+02 
       1.019489508707e+00       3.927056030511e+02 
       1.022306042021e+00       3.916738013797e+02 
       1.025122575351e+00       3.906465582560e+02 
       1.027939108695e+00       3.896239702066e+02 
       1.030755642053e+00       3.886061894489e+02 
       1.033572175426e+00       3.875929985839e+02 
       1.036388708814e+00       3.865842480818e+02 
       1.039205242216e+00       3.855796884247e+02 
       1.042021775632e+00       3.845792375659e+02 
       1.044838309062e+00       3.835832276327e+02 
       1.047654842507e+00       3.825914727912e+02 
       1.050471375965e+00       3.816041701105e+02 
       1.053287909437e+00       3.806212122490e+02 
       1.056104442922e+00       3.796424517347e+02 
       1.058920976421e+00       3.786676298138e+02 
       1.061737509934e+00       3.776966350389e+02 
       1.064554043460e+00       3.767294198475e+02 
       1.067370576999e+00       3.757661382441e+02 
       1.070187110551e+00       3.748069066744e+02 
       1.073003644116e+00       3.738519536533e+02 
       1.075820177694e+00       3.729011570474e+02 
       1.078636711285e+00       3.719544184936e+02 
       1.081453244889e+00       3.710114843170e+02 
       1.084269778505e+00       3.700722422670e+02 
       1.087086312134e+00       3.691366351595e+02 
       1.089902845775e+00       3.682046833425e+02 
       1.092719379429e+00       3.672766480617e+02 
       1.095535913094e+00       3.663524917556e+02 
       1.098352446772e+00       3.654321825000e+02 
       1.101168980462e+00       3.645155139640e+02 
       1.103985514164e+00       3.636022719433e+02 
       1.106802047878e+00       3.626923770240e+02 
       1.109618581603e+00       3.617859577196e+02 
       1.112435115340e+00       3.608829670791e+02 
       1.115251649089e+00       3.599836636080e+02 
       1.118068182849e+00       3.590881623277e+02 
       1.120884716621e+00       3.581963127172e+02 
       1.123701250404e+00       3.573080083649e+02 
       1.126517784198e+00       3.564230067670e+02 
       1.129334318003e+00       3.555412946699e+02 
       1.132150851820e+00       3.546627818962e+02 
       1.134967385647e+00       3.537876784899e+02 
       1.137783919485e+00       3.529159338947e+02 
       1.140600453334e+00       3.520476930911e+02 
       1.143416987194e+00       3.511829079748e+02 
       1.146233521065e+00       3.503212973933e+02 
       1.149050054946e+00       3.494627849214e+02 
       1.151866588838e+00       3.486072397152e+02 
       1.154683122740e+00       3.477547230638e+02 
       1.157499656652e+00       3.469054389577e+02 
       1.160316190575e+00       3.460593255292e+02 
       1.163132724508e+00       3.452166166491e+02 
       1.165949258451e+00       3.443771218016e+02 
       1.168765792404e+00       3.435407455508e+02 
       1.171582326367e+00       3.427072719494e+02 
       1.174398860340e+00       3.418767206979e+02 
       1.177215394323e+00       3.410490994722e+02 
       1.180031928316e+00       3.402245129883e+02 
       1.182848462318e+00       3.394031145807e+02 
       1.185664996330e+00       3.385848606853e+02 
       1.188481530351e+00       3.377696877186e+02 
       1.191298064382e+00       3.369573771791e+02 
       1.194114598423e+00       3.361478641148e+02 
       1.196931132473e+00       3.353409687004e+02 
       1.199747666532e+00       3.345369034310e+02 
       1.202564200600e+00       3.337357068737e+02 
       1.205380734678e+00       3.329374424959e+02 
       1.208197268764e+00       3.321421323270e+02 
       1.211013802860e+00       3.313497182124e+02 
       1.213830336965e+00       3.305600132958e+02 
       1.216646871078e+00       3.297729350526e+02 
       1.219463405201e+00       3.289884301038e+02 
       1.222279939332e+00       3.282066049027e+02 
       1.225096473472e+00       3.274275283824e+02 
       1.227913007620e+00       3.266513094934e+02 
       1.230729541778e+00       3.258779752234e+02 
       1.233546075943e+00       3.251072873260e+02 
       1.236362610118e+00       3.243393725321e+02 
       1.239179144300e+00       3.235738809225e+02 
       1.241995678492e+00       3.228108893537e+02 
       1.244812212691e+00       3.220504765496e+02 
       1.247628746899e+00       3.212927367172e+02 
       1.250445281114e+00       3.205377209390e+02 
       1.253261815338e+00       3.197853147352e+02 
       1.256078349571e+00       3.190356007963e+02 
       1.258894883811e+00       3.182883304464e+02 
       1.261711418059e+00       3.175433803956e+02 
       1.264527952315e+00       3.168008130754e+02 
       1.267344486579e+00       3.160606773808e+02 
       1.270161020851e+00       3.153229898798e+02 
       1.272977555130e+00       3.145880298480e+02 
       1.275794089418e+00       3.138555226428e+02 
       1.278610623713e+00       3.131254938491e+02 
       1.281427158015e+00       3.123978338491e+02 
       1.284243692326e+00       3.116724291025e+02 
       1.287060226643e+00       3.109492711706e+02 
       1.289876760969e+00       3.102284690019e+02 
       1.292693295301e+00       3.095101260940e+02 
       1.295509829641e+00       3.087942565182e+02 
       1.298326363988e+00       3.080808384644e+02 
       1.301142898343e+00       3.073698012661e+02 
       1.303959432705e+00       3.066609882558e+02 
       1.306775967074e+00       3.059543965829e+02 
       1.309592501450e+00       3.052499545294e+02 
       1.312409035833e+00       3.045477700164e+02 
       1.315225570224e+00       3.038479942884e+02 
       1.318042104621e+00       3.031506238083e+02 
       1.320858639025e+00       3.024555809291e+02 
       1.323675173437e+00       3.017627466774e+02 
       1.326491707855e+00       3.010720913206e+02 
       1.329308242280e+00       3.003834972341e+02 
       1.332124776711e+00       2.996970210238e+02 
       1.334941311150e+00       2.990126947148e+02 
       1.337757845595e+00       2.983306753465e+02 
       1.340574380047e+00       2.976509528015e+02 
       1.343390914505e+00       2.969734624747e+02 
       1.346207448970e+00       2.962980882084e+02 
       1.349023983442e+00       2.956247493121e+02 
       1.351840517920e+00       2.949533826013e+02 
       1.354657052404e+00       2.942841193277e+02 
       1.357473586895e+00       2.936169061785e+02 
       1.360290121392e+00       2.929518745215e+02 
       1.363106655896e+00       2.922890578585e+02 
       1.365923190406e+00       2.916283269372e+02 
       1.368739724922e+00       2.909697174319e+02 
       1.371556259444e+00       2.903129480812e+02 
       1.374372793973e+00       2.896581749977e+02 
       1.377189328508e+00       2.890053854429e+02 
       1.380005863048e+00       2.883546117200e+02 
       1.382822397595e+00       2.877059304841e+02 
       1.385638932148e+00       2.870593551414e+02 
       1.388455466707e+00       2.864148934759e+02 
       1.391272001272e+00       2.857723470058e+02 
       1.394088535842e+00       2.851316885675e+02 
       1.396905070419e+00       2.844928575966e+02 
       1.399721605001e+00       2.838559727917e+02 
       1.402538139590e+00       2.832210199418e+02 
       1.405354674184e+00       2.825881746073e+02 
       1.408171208783e+00       2.819573137729e+02 
       1.410987743389e+00       2.813284297449e+02 
       1.413804278000e+00       2.807014122853e+02 
       1.416620812617e+00       2.800762373130e+02 
       1.419437347239e+00       2.794528612860e+02 
       1.422253881867e+00       2.788312762322e+02 
       1.425070416501e+00       2.782116916847e+02 
       1.427886951140e+00       2.775940319515e+02 
       1.430703485784e+00       2.769782935552e+02 
       1.433520020434e+00       2.763644946658e+02 
       1.436336555089e+00       2.757525239009e+02 
       1.439153089750e+00       2.751422532556e+02 
       1.441969624416e+00       2.745337365081e+02 
       1.444786159088e+00       2.739270052425e+02 
       1.447602693764e+00       2.733220833947e+02 
       1.450419228446e+00       2.727192102866e+02 
       1.453235763133e+00       2.721181034571e+02 
       1.456052297826e+00       2.715188139567e+02 
       1.458868832523e+00       2.709212603473e+02 
       1.461685367226e+00       2.703254473390e+02 
       1.464501901933e+00       2.697312568968e+02 
       1.467318436646e+00       2.691388239422e+02 
       1.470134971364e+00       2.685482281695e+02 
       1.472951506087e+00       2.679594203593e+02 
       1.475768040815e+00       2.673724147557e+02 
       1.478584575548e+00       2.667871790964e+02 
       1.481401110285e+00       2.662036010168e+02 
       1.484217645028e+00       2.656216400341e+02 
       1.487034179775e+00       2.650413511780e+02 
       1.489850714528e+00       2.644627664677e+02 
       1.492667249285e+00       2.638858575338e+02 
       1.495483784047e+00       2.633107960621e+02 
       1.498300318814e+00       2.627374368891e+02 
       1.501116853585e+00       2.621657445112e+02 
       1.503933388361e+00       2.615957428265e+02 
       1.506749923142e+00       2.610272740860e+02 
       1.509566457928e+00       2.604603749112e+02 
       1.512382992718e+00       2.598951030035e+02 
       1.515199527512e+00       2.593315467389e+02 
       1.518016062312e+00       2.587697529302e+02 
       1.520832597116e+00       2.582095921944e+02 
       1.523649131924e+00       2.576511132435e+02 
       1.526465666737e+00       2.570941101741e+02 
       1.529282201554e+00       2.565386591716e+02 
       1.532098736376e+00       2.559847756120e+02 
       1.534915271202e+00       2.554324253414e+02 
       1.537731806033e+00       2.548817959648e+02 
       1.540548340868e+00       2.543328021997e+02 
       1.543364875708e+00       2.537854192152e+02 
       1.546181410551e+00       2.532396447790e+02 
       1.548997945399e+00       2.526953595499e+02 
       1.551814480252e+00       2.521525636276e+02 
       1.554631015108e+00       2.516112598621e+02 
       1.557447549969e+00       2.510714926524e+02 
       1.560264084834e+00       2.505334090149e+02 
       1.563080619703e+00       2.499968672115e+02 
       1.565897154577e+00       2.494618442854e+02 
       1.568713689454e+00       2.489284299162e+02 
       1.571530224336e+00       2.483964250509e+02 
       1.574346759222e+00       2.478658927417e+02 
       1.577163294112e+00       2.473367893499e+02 
       1.579979829006e+00       2.468092128871e+02 
       1.582796363904e+00       2.462831903903e+02 
       1.585612898806e+00       2.457587605913e+02 
       1.588429433712e+00       2.452358718809e+02 
       1.591245968622e+00       2.447143327149e+02 
       1.594062503536e+00       2.441942907050e+02 
       1.596879038454e+00       2.436755818338e+02 
       1.599695573375e+00       2.431584302536e+02 
       1.602512108301e+00       2.426426575780e+02 
       1.605328643231e+00       2.421283962734e+02 
       1.608145178164e+00       2.416157365237e+02 
       1.610961713101e+00       2.411044782991e+02 
       1.613778248042e+00       2.405946097037e+02 
       1.616594782987e+00       2.400861743321e+02 
       1.619411317936e+00       2.395790392558e+02 
       1.622227852888e+00       2.390733685970e+02 
       1.625044387844e+00       2.385691248505e+02 
       1.627860922804e+00       2.380663287726e+02 
       1.630677457767e+00       2.375649729127e+02 
       1.633493992735e+00       2.370650873538e+02 
       1.636310527705e+00       2.365665348537e+02 
       1.639127062680e+00       2.360693009141e+02 
       1.641943597658e+00       2.355733867603e+02 
       1.644760132640e+00       2.350789246831e+02 
       1.647576667625e+00       2.345858525472e+02 
       1.650393202614e+00       2.340940908967e+02 
       1.653209737606e+00       2.336038590421e+02 
       1.656026272602e+00       2.331149231345e+02 
       1.658842807601e+00       2.326273601372e+02 
       1.661659342604e+00       2.321411098510e+02 
       1.664475877610e+00       2.316561105877e+02 
       1.667292412620e+00       2.311724864077e+02 
       1.670108947633e+00       2.306901741276e+02 
       1.672925482650e+00       2.302093183138e+02 
       1.675742017670e+00       2.297298642734e+02 
       1.678558552694e+00       2.292515737314e+02 
       1.681375087720e+00       2.287747353151e+02 
       1.684191622750e+00       2.282991147667e+02 
       1.687008157784e+00       2.278247368831e+02 
       1.689824692821e+00       2.273516874973e+02 
       1.692641227861e+00       2.268799060881e+02 
       1.695457762904e+00       2.264095153608e+02 
       1.698274297951e+00       2.259405398495e+02 
       1.701090833001e+00       2.254727925767e+02 
       1.703907368054e+00       2.250062967426e+02 
       1.706723903110e+00       2.245409823496e+02 
       1.709540438170e+00       2.240769287899e+02 
       1.712356973233e+00       2.236141769121e+02 
       1.715173508299e+00       2.231527154719e+02 
       1.717990043368e+00       2.226925793650e+02 
       1.720806578440e+00       2.222337212700e+02 
       1.723623113515e+00       2.217760853397e+02 
       1.726439648594e+00       2.213196980107e+02 
       1.729256183675e+00       2.208644787970e+02 
       1.732072718760e+00       2.204104746976e+02 
       1.734889253848e+00       2.199576922316e+02 
       1.737705788938e+00       2.195062144016e+02 
       1.740522324032e+00       2.190560072417e+02 
       1.743338859129e+00       2.186070504102e+02 
       1.746155394229e+00       2.181593451438e+02 
       1.748971929332e+00       2.177127592875e+02 
       1.751788464437e+00       2.172673671399e+02 
       1.754604999546e+00       2.168231065590e+02 
       1.757421534658e+00       2.163801061421e+02 
       1.760238069772e+00       2.159383297734e+02 
       1.763054604890e+00       2.154978297584e+02 
       1.765871140010e+00       2.150584926536e+02 
       1.768687675134e+00       2.146203399011e+02 
       1.771504210260e+00       2.141834131701e+02 
       1.774320745389e+00       2.137475297042e+02 
       1.777137280521e+00       2.133128235538e+02 
       1.779953815656e+00       2.128793122879e+02 
       1.782770350793e+00       2.124470272731e+02 
       1.785586885934e+00       2.120159155537e+02 
       1.788403421077e+00       2.115859964655e+02 
       1.791219956223e+00       2.111572242712e+02 
       1.794036491372e+00       2.107295853571e+02 
       1.796853026523e+00       2.103030284835e+02 
       1.799669561678e+00       2.098776120022e+02 
       1.802486096835e+00       2.094533548039e+02 
       1.805302631994e+00       2.090302841659e+02 
       1.808119167157e+00       2.086083874154e+02 
       1.810935702322e+00       2.081876372344e+02 
       1.813752237490e+00       2.077680021863e+02 
       1.816568772660e+00       2.073494252467e+02 
       1.819385307833e+00       2.069319426851e+02 
       1.822201843009e+00       2.065155414863e+02 
       1.825018378187e+00       2.061003188576e+02 
       1.827834913368e+00       2.056862183194e+02 
       1.830651448552e+00       2.052732646334e+02 
       1.833467983738e+00       2.048614414519e+02 
       1.836284518927e+00       2.044506917066e+02 
       1.839101054118e+00       2.040409715157e+02 
       1.841917589312e+00       2.036323112543e+02 
       1.844734124509e+00       2.032247236337e+02 
       1.847550659708e+00       2.028182826168e+02 
       1.850367194909e+00       2.024129494417e+02 
       1.853183730114e+00       2.020087775561e+02 
       1.856000265320e+00       2.016056209240e+02 
       1.858816800529e+00       2.012035345446e+02 
       1.861633335741e+00       2.008024913849e+02 
       2.343657409796e+00       1.454585393303e+02 
       2.950489869685e+00       1.019282550712e+02 
       3.714446674188e+00       6.962692387264e+01 
       4.676211308889e+00       4.661054941169e+01 
       5.887001247680e+00       3.067155945623e+01 
       7.411295469968e+00       1.987594243847e+01 
       9.330268201458e+00       1.268951862162e+01 
       1.174611173767e+01       7.987881403522e+00 
       1.478747855633e+01       4.959613241880e+00 
       1.861633253092e+01       3.038938834704e+00 
       2.343657409759e+01       1.838260739588e+00 
       2.950489869685e+01       1.098413079672e+00 
       3.714446674188e+01       6.488950032368e-01 
       4.676211308889e+01       3.790848780576e-01 
       5.887001247680e+01       2.192123039976e-01 
       7.411295469968e+01       1.256117606133e-01 
       9.330268201458e+01       7.136429519266e-02 
       1.174611173767e+02       4.021378885478e-02 
       1.478747855633e+02       2.248857678521e-02 
