# Matter power spectrum P(k) at redshift z=0
# for k=1.01052e-05 to 16.0333 h/Mpc,
# number of wavenumbers equal to 124
#    1:k (h/Mpc)              2:P (Mpc/h)^3        
       1.010516862522e-05       4.116993784913e+01 
       1.272165357276e-05       5.170726534795e+01 
       1.601561296279e-05       6.494152882467e+01 
       2.016246214431e-05       8.156292843603e+01 
       2.538303595781e-05       1.024382429751e+02 
       3.195534899577e-05       1.286559629191e+02 
       4.022940089353e-05       1.615828553728e+02 
       5.064581508612e-05       2.029349196048e+02 
       6.375930361294e-05       2.548661628472e+02 
       8.026820755663e-05       3.200795520002e+02 
       1.010516862522e-04       4.019651737353e+02 
       1.272165357276e-04       5.047715371872e+02 
       1.601561296279e-04       6.338163270701e+02 
       2.016246214431e-04       7.957426781727e+02 
       2.538303595781e-04       9.988252045237e+02 
       3.195534899577e-04       1.253325462963e+03 
       4.022940089353e-04       1.571888063106e+03 
       5.064581508612e-04       1.969955843389e+03 
       6.375930361294e-04       2.466165535846e+03 
       8.026820755663e-04       3.082656509024e+03 
       1.010516862522e-03       3.845147597370e+03 
       1.272165357276e-03       4.782476671406e+03 
       1.601561296279e-03       5.925468950234e+03 
       2.016246214431e-03       7.303940091009e+03 
       2.538303595781e-03       8.942831876411e+03 
       3.195534899577e-03       1.085585273250e+04 
       4.022940089353e-03       1.303765557644e+04 
       5.064581508612e-03       1.545325546545e+04 
       6.375930361294e-03       1.802428376189e+04 
       8.026820755663e-03       2.061256256122e+04 
       1.010516862522e-02       2.300421255906e+04 
       1.272165357276e-02       2.489573490157e+04 
       1.601561296278e-02       2.590227797351e+04 
       2.016246207052e-02       2.561388710794e+04 
       2.538296748929e-02       2.376807388265e+04 
       3.194421423031e-02       2.057536116639e+04 
       3.980175554626e-02       1.708731968034e+04 
       4.672097630877e-02       1.491898665308e+04 
       5.169538474830e-02       1.385259399090e+04 
       5.574954477028e-02       1.319226808940e+04 
       5.934692648603e-02       1.269450799519e+04 
       6.269008499614e-02       1.225911848333e+04 
       6.588453677452e-02       1.183599790627e+04 
       6.899283500221e-02       1.139832159512e+04 
       7.205571976315e-02       1.093291805524e+04 
       7.510171033246e-02       1.043611992246e+04 
       7.815196632375e-02       9.911366652462e+03 
       8.122296805756e-02       9.367494069723e+03 
       8.432809506989e-02       8.817103293653e+03 
       8.747860594423e-02       8.274809963423e+03 
       9.068427312912e-02       7.755542230481e+03 
       9.395380897727e-02       7.272890886315e+03 
       9.729516012148e-02       6.837624834624e+03 
       1.007157158150e-01       6.456558176737e+03 
       1.042224582788e-01       6.131831244032e+03 
       1.078220728737e-01       5.860546721278e+03 
       1.115210297617e-01       5.634942027260e+03 
       1.153256449071e-01       5.442908687895e+03 
       1.192421258470e-01       5.269105550254e+03 
       1.232766060941e-01       5.096893100851e+03 
       1.274351710005e-01       4.910800045826e+03 
       1.317238772317e-01       4.699565848192e+03 
       1.361487675425e-01       4.458750449562e+03 
       1.407158822420e-01       4.192092391255e+03 
       1.454312685390e-01       3.910960112417e+03 
       1.503009888259e-01       3.631719463518e+03 
       1.553311288795e-01       3.371726050958e+03 
       1.605278069013e-01       3.144982741269e+03 
       1.658971842926e-01       2.958632269251e+03 
       1.714454790344e-01       2.811093849406e+03 
       1.771789825315e-01       2.692425280294e+03 
       1.831040807702e-01       2.587573466104e+03 
       1.892272806344e-01       2.479185366317e+03 
       1.955552422255e-01       2.354016599910e+03 
       2.020948180466e-01       2.209307061152e+03 
       2.088530999382e-01       2.053280314169e+03 
       2.158374747082e-01       1.900302373325e+03 
       2.230556894920e-01       1.764014688610e+03 
       2.305159280169e-01       1.652146480229e+03 
       2.382268991540e-01       1.563514960892e+03 
       2.461979394297e-01       1.488241924950e+03 
       2.544391315751e-01       1.413271813858e+03 
       2.629614417287e-01       1.330059353263e+03 
       2.717768786347e-01       1.238905902527e+03 
       2.808986791376e-01       1.148233757130e+03 
       2.903415255376e-01       1.068045445089e+03 
       3.001218020531e-01       1.001914457430e+03 
       3.102578998668e-01       9.456101723245e+02 
       3.207705832277e-01       8.912409439369e+02 
       3.316834331381e-01       8.336676782475e+02 
       3.430233907158e-01       7.748351972211e+02 
       3.548214300390e-01       7.202153864346e+02 
       3.671134011570e-01       6.728978401727e+02 
       3.799410995083e-01       6.302466672155e+02 
       3.933536406270e-01       5.881870407451e+02 
       4.074092525764e-01       5.459143822861e+02 
       4.221776492933e-01       5.059354655632e+02 
       4.377432264561e-01       4.696418565647e+02 
       4.542094456829e-01       4.356112859533e+02 
       4.717049748577e-01       4.020664936538e+02 
       4.903924908703e-01       3.698431321876e+02 
       5.104816376077e-01       3.398552125636e+02 
       5.322486875600e-01       3.108929056117e+02 
       5.560674379104e-01       2.827665385147e+02 
       5.824597810725e-01       2.558676025295e+02 
       6.121825356377e-01       2.295753569798e+02 
       6.463851909260e-01       2.038347613579e+02 
       6.869161270787e-01       1.782700596586e+02 
       7.369639884762e-01       1.525300843259e+02 
       8.025106965031e-01       1.260651866610e+02 
       8.957710408621e-01       9.834061136072e+01 
       1.041974362033e+00       6.959874278736e+01 
       1.276641617245e+00       4.342935246533e+01 
       1.603400863246e+00       2.535468031502e+01 
       2.018477450196e+00       1.459240281009e+01 
       2.541112176407e+00       8.330454121728e+00 
       3.199070692850e+00       4.721208650413e+00 
       4.027391389355e+00       2.657997112504e+00 
       5.070185363299e+00       1.487395492668e+00 
       6.382985196364e+00       8.277491253726e-01 
       8.035702266809e+00       4.583117554128e-01 
       1.011634978530e+01       2.525770139365e-01 
       1.273572981931e+01       1.385938595697e-01 
       1.603333390727e+01       7.574271894918e-02 
