# Matter power spectrum P(k) at redshift z=0
# for k=9.1423e-06 to 147.875 h/Mpc,
# number of wavenumbers equal to 1050
#    1:k (h/Mpc)              2:P (Mpc/h)^3        
       9.142301666472e-06       5.447770825022e+01 
       2.042836522964e-05       1.207264619595e+02 
       3.174488627200e-05       1.867523701307e+02 
       4.311522688834e-05       2.528389539701e+02 
       5.456304624503e-05       3.191865411631e+02 
       6.611246267637e-05       3.859687492563e+02 
       7.778821979947e-05       4.533488693528e+02 
       8.961585837474e-05       5.214868797104e+02 
       1.016218956535e-04       5.905433637052e+02 
       1.138340139722e-04       6.606819758819e+02 
       1.262812603695e-04       7.320716742744e+02 
       1.389942590079e-04       8.048881761549e+02 
       1.520054381692e-04       8.793156731580e+02 
       1.653492735403e-04       9.555483226606e+02 
       1.790625494058e-04       1.033791784668e+03 
       1.931846391797e-04       1.114264797434e+03 
       2.077578064151e-04       1.197200791758e+03 
       2.228275269856e-04       1.282849583500e+03 
       2.384428324857e-04       1.371479111362e+03 
       2.546566739757e-04       1.463377242675e+03 
       2.715263039391e-04       1.558853606347e+03 
       2.891136726136e-04       1.658241443137e+03 
       3.074858326140e-04       1.761899414169e+03 
       3.267153428614e-04       1.870213311356e+03 
       3.468806591565e-04       1.983597587548e+03 
       3.680664941965e-04       2.102496609134e+03 
       3.903641243701e-04       2.227385440543e+03 
       4.138716143203e-04       2.358770063403e+03 
       4.386939231933e-04       2.497186732078e+03 
       4.649428490900e-04       2.643200295985e+03 
       4.927367611679e-04       2.797401122415e+03 
       5.222000631630e-04       2.960400381252e+03 
       5.534623293071e-04       3.132823346698e+03 
       5.866570556135e-04       3.315300498852e+03 
       6.219199785383e-04       3.508456001756e+03 
       6.593869313033e-04       3.712893887418e+03 
       6.991912374024e-04       3.929181577383e+03 
       7.414606814090e-04       4.157831480944e+03 
       7.863141474468e-04       4.399280959050e+03 
       8.338580709961e-04       4.653872139372e+03 
       8.841829024428e-04       4.921832208651e+03 
       9.373598209100e-04       5.203256281710e+03 
       9.934379538704e-04       5.498093921697e+03 
       1.052442343416e-03       5.806141010560e+03 
       1.114372850639e-03       6.127037830845e+03 
       1.179204109393e-03       6.460273971710e+03 
       1.246886541097e-03       6.805199716698e+03 
       1.317348339777e-03       7.161042998818e+03 
       1.390498248551e-03       7.526930820937e+03 
       1.466228889144e-03       7.901912427764e+03 
       1.544420381770e-03       8.284985703589e+03 
       1.624944002913e-03       8.675119522567e+03 
       1.707665665943e-03       9.071276912965e+03 
       1.792449063302e-03       9.472435063789e+03 
       1.879158367967e-03       9.877600123281e+03 
       1.967660447027e-03       1.028582206903e+04 
       2.057826585552e-03       1.069620522090e+04 
       2.149533751954e-03       1.110792679253e+04 
       2.242665456852e-03       1.152018826541e+04 
       2.337112267704e-03       1.193227462955e+04 
       2.432772043708e-03       1.234353359953e+04 
       2.529549952208e-03       1.275337395352e+04 
       2.627358321337e-03       1.316126151603e+04 
       2.726116375589e-03       1.356671771148e+04 
       2.825749892675e-03       1.396931314123e+04 
       2.926190812134e-03       1.436866750317e+04 
       3.027376819179e-03       1.476444348089e+04 
       3.129250921308e-03       1.515634384661e+04 
       3.231761030324e-03       1.554410779122e+04 
       3.334859558548e-03       1.592750762521e+04 
       3.438503034957e-03       1.630634560298e+04 
       3.542651744717e-03       1.668045094421e+04 
       3.647269393861e-03       1.704967634316e+04 
       3.752322799653e-03       1.741389651956e+04 
       3.857781606312e-03       1.777300825032e+04 
       3.963618025201e-03       1.812691981370e+04 
       4.069806598198e-03       1.847555908490e+04 
       4.176323982780e-03       1.881887021176e+04 
       4.283148757222e-03       1.915680177378e+04 
       4.390261244310e-03       1.948932339085e+04 
       4.497643351974e-03       1.981640636945e+04 
       4.605278429334e-03       2.013803646803e+04 
       4.713151136718e-03       2.045419934544e+04 
       4.821247328329e-03       2.076490057379e+04 
       4.929553946317e-03       2.107013847379e+04 
       5.038058925136e-03       2.136992774786e+04 
       5.146751105159e-03       2.166428332773e+04 
       5.255620154617e-03       2.195322503177e+04 
       5.364656499021e-03       2.223678036432e+04 
       5.473851257308e-03       2.251497032588e+04 
       5.583196184035e-03       2.278782899269e+04 
       5.692683616999e-03       2.305539245176e+04 
       5.802306429742e-03       2.331769560137e+04 
       5.912057988447e-03       2.357476218258e+04 
       6.021932112788e-03       2.382666374924e+04 
       6.131923040328e-03       2.407341631175e+04 
       6.242025394130e-03       2.431506454052e+04 
       6.352234153252e-03       2.455166465933e+04 
       6.462544625846e-03       2.478324063413e+04 
       6.572952424615e-03       2.500986834850e+04 
       6.683453444393e-03       2.523158023015e+04 
       6.794043841641e-03       2.544841587831e+04 
       6.904720015699e-03       2.566042473399e+04 
       7.015478591597e-03       2.586767710501e+04 
       7.126316404309e-03       2.607019050293e+04 
       7.237230484298e-03       2.626801906789e+04 
       7.348218044243e-03       2.646125192473e+04 
       7.459276466838e-03       2.664988915576e+04 
       7.570403293563e-03       2.683402362462e+04 
       7.681596214352e-03       2.701367907746e+04 
       7.792853058065e-03       2.718889201272e+04 
       7.904171783704e-03       2.735972370045e+04 
       8.015550472300e-03       2.752625008058e+04 
       8.126987319430e-03       2.768848175815e+04 
       8.238480628285e-03       2.784649692888e+04 
       8.350028803267e-03       2.800033973161e+04 
       8.461630344060e-03       2.815005904493e+04 
       8.573283840135e-03       2.829568142703e+04 
       8.684987965658e-03       2.843726197810e+04 
       8.796741474765e-03       2.857488812064e+04 
       8.908543197178e-03       2.870856035031e+04 
       9.020392034133e-03       2.883834287530e+04 
       9.132286954600e-03       2.896429642978e+04 
       9.244226991758e-03       2.908644363397e+04 
       9.356211239732e-03       2.920485017320e+04 
       9.468238850540e-03       2.931955558432e+04 
       9.580309031264e-03       2.943059857791e+04 
       9.692421041410e-03       2.953804929138e+04 
       9.804574190444e-03       2.964191029453e+04 
       9.916767835502e-03       2.974227855005e+04 
       1.002900137926e-02       2.983914355994e+04 
       1.014127426791e-02       2.993259368534e+04 
       1.025358598937e-02       3.002264914462e+04 
       1.036593607146e-02       3.010939427399e+04 
       1.047832408037e-02       3.019280048255e+04 
       1.059074961907e-02       3.027295042369e+04 
       1.070321232599e-02       3.034990496510e+04 
       1.081571187362e-02       3.042368736264e+04 
       1.092824796737e-02       3.049432872370e+04 
       1.104082034434e-02       3.056187664125e+04 
       1.115342877234e-02       3.062636937607e+04 
       1.126607304884e-02       3.068784105616e+04 
       1.137875300008e-02       3.074639253493e+04 
       1.149146848018e-02       3.080199158928e+04 
       1.160421937038e-02       3.085466378604e+04 
       1.171700557827e-02       3.090450646124e+04 
       1.182982703710e-02       3.095154253651e+04 
       1.194268370516e-02       3.099579551754e+04 
       1.205557556519e-02       3.103730800945e+04 
       1.216850262379e-02       3.107612976043e+04 
       1.228146491100e-02       3.111227750892e+04 
       1.239446247974e-02       3.114579486984e+04 
       1.250749540546e-02       3.117672311717e+04 
       1.262056378572e-02       3.120508435053e+04 
       1.273366773984e-02       3.123093065002e+04 
       1.284680740859e-02       3.125429043908e+04 
       1.295998295388e-02       3.127519379564e+04 
       1.307319455850e-02       3.129369651059e+04 
       1.318644242593e-02       3.130979834273e+04 
       1.329972678009e-02       3.132352340230e+04 
       1.341304786517e-02       3.133497052149e+04 
       1.352640594550e-02       3.134412401379e+04 
       1.363980130541e-02       3.135099805550e+04 
       1.375323424911e-02       3.135568523626e+04 
       1.386670510064e-02       3.135814321216e+04 
       1.398021420377e-02       3.135848280493e+04 
       1.409376192201e-02       3.135666253159e+04 
       1.420734863853e-02       3.135274884322e+04 
       1.432097475623e-02       3.134679225640e+04 
       1.443464069769e-02       3.133877817920e+04 
       1.454834690528e-02       3.132880533305e+04 
       1.466209384113e-02       3.131681365131e+04 
       1.477588198731e-02       3.130288000481e+04 
       1.488971184584e-02       3.128704733372e+04 
       1.500358393883e-02       3.126929989283e+04 
       1.511749880861e-02       3.124975540533e+04 
       1.523145701788e-02       3.122829163118e+04 
       1.534545914984e-02       3.120507195055e+04 
       1.545950580842e-02       3.118011552769e+04 
       1.557359761840e-02       3.115335881344e+04 
       1.568773522569e-02       3.112491673139e+04 
       1.580191929752e-02       3.109478241431e+04 
       1.591615052269e-02       3.106297531555e+04 
       1.603042961181e-02       3.102956499946e+04 
       1.614475729759e-02       3.099452992161e+04 
       1.625913433514e-02       3.095783147854e+04 
       1.637356150225e-02       3.091970201042e+04 
       1.648803959971e-02       3.087999353536e+04 
       1.660256945168e-02       3.083877943813e+04 
       1.671715190600e-02       3.079616649465e+04 
       1.683178783459e-02       3.075203788489e+04 
       1.694647813382e-02       3.070650170246e+04 
       1.706122372493e-02       3.065954811462e+04 
       1.717602555441e-02       3.061119622375e+04 
       1.729088459449e-02       3.056156333913e+04 
       1.740580184355e-02       3.051057550450e+04 
       1.752077832661e-02       3.045828613566e+04 
       1.763581509582e-02       3.040468820803e+04 
       1.775091323097e-02       3.034991832099e+04 
       1.786607383998e-02       3.029389166744e+04 
       1.798129805951e-02       3.023664020682e+04 
       1.809658705545e-02       3.017820753684e+04 
       1.821194202358e-02       3.011862199519e+04 
       1.832736419010e-02       3.005791888135e+04 
       1.844285481230e-02       2.999612226714e+04 
       1.855841517919e-02       2.993321930723e+04 
       1.867404661218e-02       2.986921255901e+04 
       1.878975046575e-02       2.980422279647e+04 
       1.890552812816e-02       2.973818653895e+04 
       1.902138102221e-02       2.967109882321e+04 
       1.913731060597e-02       2.960306531354e+04 
       1.925331837360e-02       2.953412125808e+04 
       1.936940585609e-02       2.946413643791e+04 
       1.948557462219e-02       2.939327981806e+04 
       1.960182627919e-02       2.932152797323e+04 
       1.971816247384e-02       2.924891409805e+04 
       1.983458489328e-02       2.917545959942e+04 
       1.995109526596e-02       2.910110533243e+04 
       2.006769536263e-02       2.902592568266e+04 
       2.018438699735e-02       2.895000012255e+04 
       2.030117202854e-02       2.887325215130e+04 
       2.041805236001e-02       2.879577251152e+04 
       2.053502994213e-02       2.871752751056e+04 
       2.065210677291e-02       2.863853822261e+04 
       2.076928489924e-02       2.855886952738e+04 
       2.088656641804e-02       2.847845358693e+04 
       2.100395347759e-02       2.839741261867e+04 
       2.112144827877e-02       2.831577069363e+04 
       2.123905307642e-02       2.823335714099e+04 
       2.135677018072e-02       2.815036340688e+04 
       2.147460195863e-02       2.806681260859e+04 
       2.159255083534e-02       2.798272584798e+04 
       2.171061929582e-02       2.789796224813e+04 
       2.182880988636e-02       2.781268876384e+04 
       2.194712521623e-02       2.772688863788e+04 
       2.206556795934e-02       2.764056754831e+04 
       2.218414085597e-02       2.755367650325e+04 
       2.230284671457e-02       2.746637347616e+04 
       2.242168841363e-02       2.737855216084e+04 
       2.254066890356e-02       2.729029465867e+04 
       2.265979120871e-02       2.720156490362e+04 
       2.277905842939e-02       2.711243063885e+04 
       2.289847374401e-02       2.702286212097e+04 
       2.301804041127e-02       2.693290721790e+04 
       2.313776177243e-02       2.684253361942e+04 
       2.325764125365e-02       2.675180890158e+04 
       2.337768236845e-02       2.666075563908e+04 
       2.349788872018e-02       2.656930670554e+04 
       2.361826400471e-02       2.647758543058e+04 
       2.373881201303e-02       2.638543276825e+04 
       2.385953663416e-02       2.629318136827e+04 
       2.398044185797e-02       2.620054595800e+04 
       2.410153177824e-02       2.610758568794e+04 
       2.422281059574e-02       2.601434071122e+04 
       2.434428262152e-02       2.592089391169e+04 
       2.446595228023e-02       2.582719088884e+04 
       2.458782411362e-02       2.573328427539e+04 
       2.470990278414e-02       2.563914099692e+04 
       2.483219307875e-02       2.554475273748e+04 
       2.495469991276e-02       2.545022148359e+04 
       2.507742833391e-02       2.535548632668e+04 
       2.520038352660e-02       2.526057981103e+04 
       2.532357081624e-02       2.516545193906e+04 
       2.544699567383e-02       2.507021180552e+04 
       2.557066372066e-02       2.497485679691e+04 
       2.569458073328e-02       2.487941221758e+04 
       2.581875264861e-02       2.478375820599e+04 
       2.594318556927e-02       2.468799679014e+04 
       2.606788576915e-02       2.459211450101e+04 
       2.619285969920e-02       2.449625905233e+04 
       2.631811399346e-02       2.440017315794e+04 
       2.644365547537e-02       2.430406939876e+04 
       2.656949116431e-02       2.420788243070e+04 
       2.669562828247e-02       2.411168873748e+04 
       2.682207426196e-02       2.401540949650e+04 
       2.694883675230e-02       2.391902058076e+04 
       2.707592362817e-02       2.382269225124e+04 
       2.720334299761e-02       2.372635192627e+04 
       2.733110321043e-02       2.362997074307e+04 
       2.745921286719e-02       2.353353704585e+04 
       2.758768082845e-02       2.343717705287e+04 
       2.771651622449e-02       2.334070547019e+04 
       2.784572846555e-02       2.324431804096e+04 
       2.797532725242e-02       2.314791999521e+04 
       2.810532258770e-02       2.305159248377e+04 
       2.823572478743e-02       2.295527529899e+04 
       2.836654449342e-02       2.285896056999e+04 
       2.849779268614e-02       2.276273658772e+04 
       2.862948069822e-02       2.266655098923e+04 
       2.876162022866e-02       2.257041392004e+04 
       2.889422335775e-02       2.247424771176e+04 
       2.902730256276e-02       2.237832483638e+04 
       2.916087073439e-02       2.228230704900e+04 
       2.929494119420e-02       2.218647650994e+04 
       2.942952771278e-02       2.209065340805e+04 
       2.956464452906e-02       2.199491813160e+04 
       2.970030637053e-02       2.189929645812e+04 
       2.983652847464e-02       2.180374905011e+04 
       2.997332661135e-02       2.170830339429e+04 
       3.011071710690e-02       2.161296551220e+04 
       3.024871686898e-02       2.151771885122e+04 
       3.038734341329e-02       2.142254451168e+04 
       3.052661489158e-02       2.132752298982e+04 
       3.066655012146e-02       2.123261174819e+04 
       3.080716861779e-02       2.113780746653e+04 
       3.094849062605e-02       2.104315238862e+04 
       3.109053715768e-02       2.094855401793e+04 
       3.123333002758e-02       2.085408434321e+04 
       3.137689189390e-02       2.075970180257e+04 
       3.152124630033e-02       2.066547947712e+04 
       3.166641772104e-02       2.057147540805e+04 
       3.181243160854e-02       2.047749684504e+04 
       3.195931444452e-02       2.038363873054e+04 
       3.210709379420e-02       2.028996364199e+04 
       3.225579836409e-02       2.019624254998e+04 
       3.240545806377e-02       2.010284473467e+04 
       3.255610407182e-02       2.000953562092e+04 
       3.270776890632e-02       1.991632267090e+04 
       3.286048650023e-02       1.982326319787e+04 
       3.301429228221e-02       1.973031729469e+04 
       3.316922326313e-02       1.963754022156e+04 
       3.332531812897e-02       1.954478708744e+04 
       3.348261734056e-02       1.945227389437e+04 
       3.364116324075e-02       1.935974767555e+04 
       3.380100016982e-02       1.926744174273e+04 
       3.396217458972e-02       1.917527283821e+04 
       3.412473521804e-02       1.908311030045e+04 
       3.428873317270e-02       1.899116367307e+04 
       3.445422212824e-02       1.889925555873e+04 
       3.462125848496e-02       1.880751822928e+04 
       3.478990155217e-02       1.871573918448e+04 
       3.496021374685e-02       1.862426268354e+04 
       3.513226080954e-02       1.853276206376e+04 
       3.530611203895e-02       1.844135212343e+04 
       3.548184054749e-02       1.835003412796e+04 
       3.565952353995e-02       1.825871442969e+04 
       3.583924261768e-02       1.816760145014e+04 
       3.602108411130e-02       1.807645473223e+04 
       3.620513944511e-02       1.798535732695e+04 
       3.639150553679e-02       1.789437489875e+04 
       3.658028523656e-02       1.780334116962e+04 
       3.677158781057e-02       1.771239813638e+04 
       3.696552947376e-02       1.762142468856e+04 
       3.716223397844e-02       1.753052593537e+04 
       3.736183326559e-02       1.743961665302e+04 
       3.756446818692e-02       1.734870805634e+04 
       3.777028930699e-02       1.725769734587e+04 
       3.797945779616e-02       1.716667766621e+04 
       3.819214642670e-02       1.707564038646e+04 
       3.840854068659e-02       1.698450615424e+04 
       3.862884002763e-02       1.689327572141e+04 
       3.885325926754e-02       1.680199446059e+04 
       3.908203016896e-02       1.671057635791e+04 
       3.931540322221e-02       1.661899011715e+04 
       3.955364966358e-02       1.652726632488e+04 
       3.979706376676e-02       1.643533768376e+04 
       4.004596545175e-02       1.634319930268e+04 
       4.030070326442e-02       1.625081632772e+04 
       4.056165779015e-02       1.615818138924e+04 
       4.082924557749e-02       1.606531470142e+04 
       4.110392366361e-02       1.597203301728e+04 
       4.138619481235e-02       1.587843291434e+04 
       4.167661359962e-02       1.578443773020e+04 
       4.197579351036e-02       1.568995485646e+04 
       4.228441524840e-02       1.559497759387e+04 
       4.260323650682e-02       1.549947237462e+04 
       4.293310350488e-02       1.540329388059e+04 
       4.327496467147e-02       1.530650411382e+04 
       4.362988694836e-02       1.520885643740e+04 
       4.399907530586e-02       1.511036971626e+04 
       4.438389621477e-02       1.501095206884e+04 
       4.478590601202e-02       1.491043019134e+04 
       4.520688534327e-02       1.480872484448e+04 
       4.564888117823e-02       1.470562566342e+04 
       4.611425828685e-02       1.460093389058e+04 
       4.660576255235e-02       1.449445578543e+04 
       4.712659908478e-02       1.438589370175e+04 
       4.768052877689e-02       1.427490923285e+04 
       4.827198765321e-02       1.416103327166e+04 
       4.890623395057e-02       1.404378432842e+04 
       4.958952797860e-02       1.392236733544e+04 
       5.032934869723e-02       1.379590082130e+04 
       5.113464712676e-02       1.366318794942e+04 
       5.201612736626e-02       1.352255468472e+04 
       5.298652616637e-02       1.337182131493e+04 
       5.406082378606e-02       1.320791440253e+04 
       5.525625220927e-02       1.302677213705e+04 
       5.659186621761e-02       1.282290598177e+04 
       5.808732924253e-02       1.258916609412e+04 
       5.976053272399e-02       1.231681562639e+04 
       6.162392566457e-02       1.199629086769e+04 
       6.368021762765e-02       1.161899158597e+04 
       6.591926356351e-02       1.118031257444e+04 
       6.831836382711e-02       1.068268736771e+04 
       7.084667288960e-02       1.013727342397e+04 
       7.347168638513e-02       9.562897798554e+03 
       7.616463088753e-02       8.982555027594e+03 
       7.890303552584e-02       8.419655796391e+03 
       8.167083210407e-02       7.894140365362e+03 
       8.445719702925e-02       7.420810682357e+03 
       8.725511913668e-02       7.008097263976e+03 
       9.006016864215e-02       6.658585175589e+03 
       9.286958998144e-02       6.369578414514e+03 
       9.568168538176e-02       6.134266465581e+03 
       9.849541483496e-02       5.942970084815e+03 
       1.013101434158e-01       5.784120016336e+03 
       1.041254842160e-01       5.645629423980e+03 
       1.069412016492e-01       5.515860356502e+03 
       1.097571522660e-01       5.384695508007e+03 
       1.125732486540e-01       5.244342053159e+03 
       1.153894374648e-01       5.089869691279e+03 
       1.182056860551e-01       4.919424455296e+03 
       1.210219743709e-01       4.734135817872e+03 
       1.238382900188e-01       4.537489706209e+03 
       1.266546252720e-01       4.334703415163e+03 
       1.294709752525e-01       4.131794601112e+03 
       1.322873368257e-01       3.934814873606e+03 
       1.351037079291e-01       3.749116643626e+03 
       1.379200871629e-01       3.578851644874e+03 
       1.407364735411e-01       3.426718532549e+03 
       1.435528663387e-01       3.293851589672e+03 
       1.463692649990e-01       3.179936096335e+03 
       1.491856690758e-01       3.083375848323e+03 
       1.520020781974e-01       3.001586045631e+03 
       1.548184920450e-01       2.931321602227e+03 
       1.576349103380e-01       2.868982516817e+03 
       1.604513328249e-01       2.810971335576e+03 
       1.632677592777e-01       2.753993052541e+03 
       1.660841894872e-01       2.695328618526e+03 
       1.689006232607e-01       2.633029814208e+03 
       1.717170604191e-01       2.566028365366e+03 
       1.745335007961e-01       2.494142694403e+03 
       1.773499442364e-01       2.417995166740e+03 
       1.801663905946e-01       2.338846755385e+03 
       1.829828397348e-01       2.258378650626e+03 
       1.857992915294e-01       2.178459166003e+03 
       1.886157458584e-01       2.100917563952e+03 
       1.914322026091e-01       2.027360388200e+03 
       1.942486616754e-01       1.959032747827e+03 
       1.970651229572e-01       1.896740175876e+03 
       1.998815863603e-01       1.840807369457e+03 
       2.026980517955e-01       1.791128886092e+03 
       2.055145191789e-01       1.747223406882e+03 
       2.083309884308e-01       1.708253703069e+03 
       2.111474594759e-01       1.673205036357e+03 
       2.139639322431e-01       1.640966972499e+03 
       2.167804066646e-01       1.610402615486e+03 
       2.195968826766e-01       1.580476566750e+03 
       2.224133602181e-01       1.550336881866e+03 
       2.252298392315e-01       1.519357691142e+03 
       2.280463196619e-01       1.487173700552e+03 
       2.308628014570e-01       1.453688172627e+03 
       2.336792845673e-01       1.419045315367e+03 
       2.364957689455e-01       1.383587779014e+03 
       2.393122545466e-01       1.347796000605e+03 
       2.421287413276e-01       1.312221719683e+03 
       2.449452292476e-01       1.277424170289e+03 
       2.477617182676e-01       1.243911195333e+03 
       2.505782083502e-01       1.212097197446e+03 
       2.533946994599e-01       1.182269136891e+03 
       2.562111915625e-01       1.154580488196e+03 
       2.590276846255e-01       1.129040793032e+03 
       2.618441786178e-01       1.105534455056e+03 
       2.646606735095e-01       1.083848559967e+03 
       2.674771692720e-01       1.063674406919e+03 
       2.702936658781e-01       1.044691647134e+03 
       2.731101633014e-01       1.026535169484e+03 
       2.759266615168e-01       1.008883136460e+03 
       2.787431605002e-01       9.914496388908e+02 
       2.815596602284e-01       9.740095378508e+02 
       2.843761606792e-01       9.564162491359e+02 
       2.871926618313e-01       9.386018219752e+02 
       2.900091636640e-01       9.205732458730e+02 
       2.928256661577e-01       9.024004886778e+02 
       2.956421692933e-01       8.842037465032e+02 
       2.984586730527e-01       8.661341110341e+02 
       3.012751774182e-01       8.483518056669e+02 
       3.040916823730e-01       8.310153729760e+02 
       3.069081879006e-01       8.142581928670e+02 
       3.097246939855e-01       7.981858396781e+02 
       3.125412006125e-01       7.828612864345e+02 
       3.153577077670e-01       7.683099102945e+02 
       3.181742154349e-01       7.545137723553e+02 
       3.209907236027e-01       7.414236558572e+02 
       3.238072322573e-01       7.289608585926e+02 
       3.266237413859e-01       7.170311447465e+02 
       3.294402509765e-01       7.055264365882e+02 
       3.322567610172e-01       6.943454501289e+02 
       3.350732714965e-01       6.833909313830e+02 
       3.378897824036e-01       6.725827773436e+02 
       3.407062937277e-01       6.618637975941e+02 
       3.435228054586e-01       6.511990037335e+02 
       3.463393175862e-01       6.405673967458e+02 
       3.491558301010e-01       6.299827472983e+02 
       3.519723429936e-01       6.194668574526e+02 
       3.547888562550e-01       6.090546556868e+02 
       3.576053698764e-01       5.987907182372e+02 
       3.604218838493e-01       5.887190768998e+02 
       3.632383981656e-01       5.788811526619e+02 
       3.660549128173e-01       5.693119977308e+02 
       3.688714277967e-01       5.600360639051e+02 
       3.716879430962e-01       5.510673107973e+02 
       3.745044587088e-01       5.424070312798e+02 
       3.773209746272e-01       5.340451771843e+02 
       3.801374908447e-01       5.259644275955e+02 
       3.829540073547e-01       5.181373788792e+02 
       3.857705241507e-01       5.105341011024e+02 
       3.885870412265e-01       5.031219916101e+02 
       3.914035585761e-01       4.958707888437e+02 
       3.942200761935e-01       4.887516551787e+02 
       3.970365940730e-01       4.817421745985e+02 
       3.998531122091e-01       4.748249393378e+02 
       4.026696305964e-01       4.679887174038e+02 
       4.054861492296e-01       4.612333823718e+02 
       4.083026681035e-01       4.545558600487e+02 
       4.111191872134e-01       4.479647359552e+02 
       4.139357065542e-01       4.414686995088e+02 
       4.167522261213e-01       4.350797310705e+02 
       4.195687459102e-01       4.288083781167e+02 
       4.223852659164e-01       4.226650026848e+02 
       4.252017861355e-01       4.166581041183e+02 
       4.280183065634e-01       4.107929850655e+02 
       4.308348271959e-01       4.050712489456e+02 
       4.336513480290e-01       3.994920777796e+02 
       4.364678690588e-01       3.940510710083e+02 
       4.392843902816e-01       3.887412732146e+02 
       4.421009116937e-01       3.835541573509e+02 
       4.449174332913e-01       3.784797637029e+02 
       4.477339550711e-01       3.735083545678e+02 
       4.505504770296e-01       3.686294217455e+02 
       4.533669991634e-01       3.638355180633e+02 
       4.561835214693e-01       3.591177950140e+02 
       4.590000439442e-01       3.544718602626e+02 
       4.618165665848e-01       3.498937939200e+02 
       4.646330893883e-01       3.453816400162e+02 
       4.674496123516e-01       3.409348837183e+02 
       4.702661354718e-01       3.365546563546e+02 
       4.730826587462e-01       3.322432698080e+02 
       4.758991821720e-01       3.280022383142e+02 
       4.787157057465e-01       3.238341972488e+02 
       4.815322294672e-01       3.197410802627e+02 
       4.843487533314e-01       3.157244465870e+02 
       4.871652773366e-01       3.117850308445e+02 
       4.899818014804e-01       3.079223670565e+02 
       4.927983257605e-01       3.041353517622e+02 
       4.956148501745e-01       3.004220605426e+02 
       4.984313747201e-01       2.967801184174e+02 
       5.012478993951e-01       2.932061664478e+02 
       5.040644241973e-01       2.896969956527e+02 
       5.068809491247e-01       2.862490186479e+02 
       5.096974741750e-01       2.828589328824e+02 
       5.125139993463e-01       2.795237533856e+02 
       5.153305246367e-01       2.762408297719e+02 
       5.181470500440e-01       2.730080236161e+02 
       5.209635755666e-01       2.698237854664e+02 
       5.237801012024e-01       2.666869312564e+02 
       5.265966269496e-01       2.635967898868e+02 
       5.294131528066e-01       2.605531043141e+02 
       5.322296787715e-01       2.575558657588e+02 
       5.350462048426e-01       2.546050152225e+02 
       5.378627310182e-01       2.517007312539e+02 
       5.406792572968e-01       2.488431563661e+02 
       5.434957836766e-01       2.460319984410e+02 
       5.463123101562e-01       2.432671740605e+02 
       5.491288367340e-01       2.405480328026e+02 
       5.519453634085e-01       2.378738863119e+02 
       5.547618901782e-01       2.352437789063e+02 
       5.575784170417e-01       2.326564442594e+02 
       5.603949439975e-01       2.301107581135e+02 
       5.632114710443e-01       2.276052946459e+02 
       5.660279981807e-01       2.251387718537e+02 
       5.688445254054e-01       2.227098313521e+02 
       5.716610527170e-01       2.203173297628e+02 
       5.744775801143e-01       2.179600802713e+02 
       5.772941075960e-01       2.156370778301e+02 
       5.801106351609e-01       2.133475896574e+02 
       5.829271628077e-01       2.110908664225e+02 
       5.857436905354e-01       2.088664196215e+02 
       5.885602183427e-01       2.066737668481e+02 
       5.913767462285e-01       2.045125239628e+02 
       5.941932741916e-01       2.023823780107e+02 
       5.970098022311e-01       2.002830525927e+02 
       5.998263303457e-01       1.982141275451e+02 
       6.026428585345e-01       1.961754824434e+02 
       6.054593867963e-01       1.941666304813e+02 
       6.082759151303e-01       1.921869768920e+02 
       6.110924435353e-01       1.902362632333e+02 
       6.139089720104e-01       1.883138578751e+02 
       6.167255005547e-01       1.864191294850e+02 
       6.195420291672e-01       1.845516692844e+02 
       6.223585578470e-01       1.827105406323e+02 
       6.251750865931e-01       1.808953804865e+02 
       6.279916154046e-01       1.791054363662e+02 
       6.308081442808e-01       1.773402103578e+02 
       6.336246732207e-01       1.755991399445e+02 
       6.364412022234e-01       1.738817069956e+02 
       6.392577312882e-01       1.721874245529e+02 
       6.420742604142e-01       1.705157892665e+02 
       6.448907896006e-01       1.688665562574e+02 
       6.477073188467e-01       1.672393720252e+02 
       6.505238481516e-01       1.656337950827e+02 
       6.533403775146e-01       1.640496271385e+02 
       6.561569069349e-01       1.624864530755e+02 
       6.589734364119e-01       1.609440996185e+02 
       6.617899659447e-01       1.594222415004e+02 
       6.646064955327e-01       1.579205159433e+02 
       6.674230251751e-01       1.564387058752e+02 
       6.702395548714e-01       1.549764682752e+02 
       6.730560846207e-01       1.535333000463e+02 
       6.758726144225e-01       1.521092049647e+02 
       6.786891442760e-01       1.507035119071e+02 
       6.815056741807e-01       1.493161272780e+02 
       6.843222041359e-01       1.479465501769e+02 
       6.871387341410e-01       1.465944552376e+02 
       6.899552641953e-01       1.452596537595e+02 
       6.927717942984e-01       1.439416916043e+02 
       6.955883244495e-01       1.426403419706e+02 
       6.984048546481e-01       1.413553350073e+02 
       7.012213848936e-01       1.400863409123e+02 
       7.040379151855e-01       1.388331207184e+02 
       7.068544455231e-01       1.375955873695e+02 
       7.096709759061e-01       1.363731825357e+02 
       7.124875063337e-01       1.351659572954e+02 
       7.153040368056e-01       1.339736518868e+02 
       7.181205673211e-01       1.327959034242e+02 
       7.209370978797e-01       1.316327222909e+02 
       7.237536284810e-01       1.304836453673e+02 
       7.265701591245e-01       1.293486130382e+02 
       7.293866898096e-01       1.282274920234e+02 
       7.322032205360e-01       1.271197715682e+02 
       7.350197513030e-01       1.260255295871e+02 
       7.378362821102e-01       1.249444658791e+02 
       7.406528129573e-01       1.238763515860e+02 
       7.434693438436e-01       1.228210207544e+02 
       7.462858747689e-01       1.217781819995e+02 
       7.491024057326e-01       1.207477060171e+02 
       7.519189367343e-01       1.197293920523e+02 
       7.547354677736e-01       1.187230385973e+02 
       7.575519988500e-01       1.177284226321e+02 
       7.603685299632e-01       1.167454525712e+02 
       7.631850611127e-01       1.157738751179e+02 
       7.660015922982e-01       1.148135893147e+02 
       7.688181235192e-01       1.138644137549e+02 
       7.716346547754e-01       1.129260975784e+02 
       7.744511860664e-01       1.119985890135e+02 
       7.772677173917e-01       1.110816668768e+02 
       7.800842487511e-01       1.101753031266e+02 
       7.829007801441e-01       1.092792252956e+02 
       7.857173115704e-01       1.083933100186e+02 
       7.885338430296e-01       1.075174522735e+02 
       7.913503745214e-01       1.066514841928e+02 
       7.941669060454e-01       1.057952257224e+02 
       7.969834376013e-01       1.049486018226e+02 
       7.997999691888e-01       1.041114339695e+02 
       8.026165008075e-01       1.032835898484e+02 
       8.054330324571e-01       1.024649394481e+02 
       8.082495641372e-01       1.016553664639e+02 
       8.110660958476e-01       1.008546975379e+02 
       8.138826275880e-01       1.000628087876e+02 
       8.166991593579e-01       9.927965450184e+01 
       8.195156911572e-01       9.850499495272e+01 
       8.223322229855e-01       9.773874255322e+01 
       8.251487548425e-01       9.698082422187e+01 
       8.279652867279e-01       9.623112060689e+01 
       8.307818186415e-01       9.548948444015e+01 
       8.335983505829e-01       9.475579186980e+01 
       8.364148825519e-01       9.402999748948e+01 
       8.392314145482e-01       9.331188794630e+01 
       8.420479465715e-01       9.260152044546e+01 
       8.448644786215e-01       9.189861383461e+01 
       8.476810106980e-01       9.120319984353e+01 
       8.504975428007e-01       9.051498671728e+01 
       8.533140749294e-01       8.983445190180e+01 
       8.561306070838e-01       8.916120380447e+01 
       8.589471392636e-01       8.849492630199e+01 
       8.617636714686e-01       8.783524675591e+01 
       8.645802036986e-01       8.718203699156e+01 
       8.673967359532e-01       8.653547841143e+01 
       8.702132682324e-01       8.589567300523e+01 
       8.730298005357e-01       8.526279331077e+01 
       8.758463328631e-01       8.463676162812e+01 
       8.786628652142e-01       8.401720249782e+01 
       8.814793975888e-01       8.340389994056e+01 
       8.842959299868e-01       8.279645566988e+01 
       8.871124624078e-01       8.219494709651e+01 
       8.899289948517e-01       8.159930275327e+01 
       8.927455273182e-01       8.100983569968e+01 
       8.955620598072e-01       8.042664279831e+01 
       8.983785923184e-01       7.984951741635e+01 
       9.011951248517e-01       7.927826012724e+01 
       9.040116574067e-01       7.871262422752e+01 
       9.068281899834e-01       7.815220205222e+01 
       9.096447225814e-01       7.759710595049e+01 
       9.124612552007e-01       7.704742007755e+01 
       9.152777878409e-01       7.650329165738e+01 
       9.180943205020e-01       7.596483720994e+01 
       9.209108531837e-01       7.543187067429e+01 
       9.237273858858e-01       7.490419731240e+01 
       9.265439186082e-01       7.438150919617e+01 
       9.293604513507e-01       7.386354375653e+01 
       9.321769841130e-01       7.335044853491e+01 
       9.349935168951e-01       7.284224624250e+01 
       9.378100496966e-01       7.233907312367e+01 
       9.406265825176e-01       7.184099068637e+01 
       9.434431153577e-01       7.134791117897e+01 
       9.462596482168e-01       7.085965290464e+01 
       9.490761810947e-01       7.037577824981e+01 
       9.518927139913e-01       6.989634954316e+01 
       9.547092469064e-01       6.942118273301e+01 
       9.575257798398e-01       6.895053846847e+01 
       9.603423127915e-01       6.848451059562e+01 
       9.631588457611e-01       6.802305095042e+01 
       9.659753787486e-01       6.756613018569e+01 
       9.687919117538e-01       6.711346731429e+01 
       9.716084447766e-01       6.666496160724e+01 
       9.744249778167e-01       6.622030272569e+01 
       9.772415108741e-01       6.577964976689e+01 
       9.800580439486e-01       6.534303062795e+01 
       9.828745770400e-01       6.491067579639e+01 
       9.856911101483e-01       6.448247638236e+01 
       9.885076432732e-01       6.405841835527e+01 
       9.913241764146e-01       6.363821530736e+01 
       9.941407095724e-01       6.322167972490e+01 
       9.969572427465e-01       6.280871069395e+01 
       9.997737759366e-01       6.239935073985e+01 
       1.002590309143e+00       6.199371984146e+01 
       1.005406842365e+00       6.159197288485e+01 
       1.008223375602e+00       6.119403118960e+01 
       1.011039908856e+00       6.079982473160e+01 
       1.013856442124e+00       6.040909863470e+01 
       1.016672975408e+00       6.002170693011e+01 
       1.019489508707e+00       5.963759306869e+01 
       1.022306042021e+00       5.925676932871e+01 
       1.025122575351e+00       5.887938291189e+01 
       1.027939108695e+00       5.850547649181e+01 
       1.030755642053e+00       5.813510981766e+01 
       1.033572175426e+00       5.776808757817e+01 
       1.036388708814e+00       5.740426362070e+01 
       1.039205242216e+00       5.704342633511e+01 
       1.042021775632e+00       5.668551281474e+01 
       1.044838309062e+00       5.633077537082e+01 
       1.047654842507e+00       5.597910937973e+01 
       1.050471375965e+00       5.563067193048e+01 
       1.053287909437e+00       5.528540849638e+01 
       1.056104442922e+00       5.494321547541e+01 
       1.058920976421e+00       5.460389264117e+01 
       1.061737509934e+00       5.426734091576e+01 
       1.064554043460e+00       5.393350577188e+01 
       1.067370576999e+00       5.360247083339e+01 
       1.070187110551e+00       5.327429410144e+01 
       1.073003644116e+00       5.294910988768e+01 
       1.075820177694e+00       5.262681411158e+01 
       1.078636711285e+00       5.230731971441e+01 
       1.081453244889e+00       5.199043517015e+01 
       1.084269778505e+00       5.167607630762e+01 
       1.087086312134e+00       5.136421586327e+01 
       1.089902845775e+00       5.105488043490e+01 
       1.092719379429e+00       5.074825836820e+01 
       1.095535913094e+00       5.044433471824e+01 
       1.098352446772e+00       5.014309219608e+01 
       1.101168980462e+00       4.984437622693e+01 
       1.103985514164e+00       4.954802350153e+01 
       1.106802047878e+00       4.925396238502e+01 
       1.109618581603e+00       4.896226163192e+01 
       1.112435115340e+00       4.867287260349e+01 
       1.115251649089e+00       4.838595334564e+01 
       1.118068182849e+00       4.810156617269e+01 
       1.120884716621e+00       4.781959577383e+01 
       1.123701250404e+00       4.753995709049e+01 
       1.126517784198e+00       4.726247500983e+01 
       1.129334318003e+00       4.698713630477e+01 
       1.132150851820e+00       4.671388736596e+01 
       1.134967385647e+00       4.644287496451e+01 
       1.137783919485e+00       4.617407146574e+01 
       1.140600453334e+00       4.590757879163e+01 
       1.143416987194e+00       4.564336742633e+01 
       1.146233521065e+00       4.538124193594e+01 
       1.149050054946e+00       4.512114011426e+01 
       1.151866588838e+00       4.486296419429e+01 
       1.154683122740e+00       4.460674404831e+01 
       1.157499656652e+00       4.435260386882e+01 
       1.160316190575e+00       4.410049156725e+01 
       1.163132724508e+00       4.385054999821e+01 
       1.165949258451e+00       4.360264201998e+01 
       1.168765792404e+00       4.335669378015e+01 
       1.171582326367e+00       4.311255259226e+01 
       1.174398860340e+00       4.287022220133e+01 
       1.177215394323e+00       4.262970382608e+01 
       1.180031928316e+00       4.239106435179e+01 
       1.182848462318e+00       4.215440212451e+01 
       1.185664996330e+00       4.191968605987e+01 
       1.188481530351e+00       4.168687199683e+01 
       1.191298064382e+00       4.145581481649e+01 
       1.194114598423e+00       4.122647058966e+01 
       1.196931132473e+00       4.099872049864e+01 
       1.199747666532e+00       4.077270174957e+01 
       1.202564200600e+00       4.054843768495e+01 
       1.205380734678e+00       4.032596754976e+01 
       1.208197268764e+00       4.010530003263e+01 
       1.211013802860e+00       3.988638778906e+01 
       1.213830336965e+00       3.966910007037e+01 
       1.216646871078e+00       3.945337443582e+01 
       1.219463405201e+00       3.923916770349e+01 
       1.222279939332e+00       3.902654046386e+01 
       1.225096473472e+00       3.881552957413e+01 
       1.227913007620e+00       3.860619821287e+01 
       1.230729541778e+00       3.839855656289e+01 
       1.233546075943e+00       3.819244376994e+01 
       1.236362610118e+00       3.798793482427e+01 
       1.239179144300e+00       3.778479798849e+01 
       1.241995678492e+00       3.758308043872e+01 
       1.244812212691e+00       3.738283225175e+01 
       1.247628746899e+00       3.718411315203e+01 
       1.250445281114e+00       3.698695485220e+01 
       1.253261815338e+00       3.679128270826e+01 
       1.256078349571e+00       3.659714841288e+01 
       1.258894883811e+00       3.640438990106e+01 
       1.261711418059e+00       3.621292505832e+01 
       1.264527952315e+00       3.602279070143e+01 
       1.267344486579e+00       3.583401489087e+01 
       1.270161020851e+00       3.564660496824e+01 
       1.272977555130e+00       3.546073552964e+01 
       1.275794089418e+00       3.527622610879e+01 
       1.278610623713e+00       3.509308695553e+01 
       1.281427158015e+00       3.491124241180e+01 
       1.284243692326e+00       3.473061466100e+01 
       1.287060226643e+00       3.455119291995e+01 
       1.289876760969e+00       3.437304099226e+01 
       1.292693295301e+00       3.419621950401e+01 
       1.295509829641e+00       3.402073267890e+01 
       1.298326363988e+00       3.384656207013e+01 
       1.301142898343e+00       3.367365842193e+01 
       1.303959432705e+00       3.350191835287e+01 
       1.306775967074e+00       3.333133599448e+01 
       1.309592501450e+00       3.316186280254e+01 
       1.312409035833e+00       3.299356472562e+01 
       1.315225570224e+00       3.282653484993e+01 
       1.318042104621e+00       3.266076855908e+01 
       1.320858639025e+00       3.249621465410e+01 
       1.323675173437e+00       3.233279610649e+01 
       1.326491707855e+00       3.217049200543e+01 
       1.329308242280e+00       3.200922594714e+01 
       1.332124776711e+00       3.184903089692e+01 
       1.334941311150e+00       3.168992433759e+01 
       1.337757845595e+00       3.153200192126e+01 
       1.340574380047e+00       3.137525445437e+01 
       1.343390914505e+00       3.121963875692e+01 
       1.346207448970e+00       3.106507993119e+01 
       1.349023983442e+00       3.091152566571e+01 
       1.351840517920e+00       3.075893468998e+01 
       1.354657052404e+00       3.060738695818e+01 
       1.357473586895e+00       3.045684729424e+01 
       1.360290121392e+00       3.030739550607e+01 
       1.363106655896e+00       3.015904990186e+01 
       1.365923190406e+00       3.001172651310e+01 
       1.368739724922e+00       2.986544382881e+01 
       1.371556259444e+00       2.972002380321e+01 
       1.374372793973e+00       2.957556000809e+01 
       1.377189328508e+00       2.943204120474e+01 
       1.380005863048e+00       2.928948412203e+01 
       1.382822397595e+00       2.914793359541e+01 
       1.385638932148e+00       2.900739587576e+01 
       1.388455466707e+00       2.886787373853e+01 
       1.391272001272e+00       2.872924267430e+01 
       1.394088535842e+00       2.859148414463e+01 
       1.396905070419e+00       2.845455910381e+01 
       1.399721605001e+00       2.831853886631e+01 
       1.402538139590e+00       2.818341213505e+01 
       1.405354674184e+00       2.804928408427e+01 
       1.408171208783e+00       2.791607621878e+01 
       1.410987743389e+00       2.778378110429e+01 
       1.413804278000e+00       2.765232846294e+01 
       1.416620812617e+00       2.752170103606e+01 
       1.419437347239e+00       2.739186986436e+01 
       1.422253881867e+00       2.726282827891e+01 
       1.425070416501e+00       2.713470274791e+01 
       1.427886951140e+00       2.700744505607e+01 
       1.430703485784e+00       2.688105121766e+01 
       1.433520020434e+00       2.675553047549e+01 
       1.436336555089e+00       2.663081305791e+01 
       1.439153089750e+00       2.650681925067e+01 
       1.441969624416e+00       2.638358022988e+01 
       1.444786159088e+00       2.626111356683e+01 
       1.447602693764e+00       2.613943214862e+01 
       1.450419228446e+00       2.601867975693e+01 
       1.453235763133e+00       2.589868287992e+01 
       1.456052297826e+00       2.577947089681e+01 
       1.458868832523e+00       2.566099288683e+01 
       1.461685367226e+00       2.554325049433e+01 
       1.464501901933e+00       2.542617103950e+01 
       1.467318436646e+00       2.530983513569e+01 
       1.470134971364e+00       2.519428975382e+01 
       1.472951506087e+00       2.507950381686e+01 
       1.475768040815e+00       2.496548467593e+01 
       1.478584575548e+00       2.485221122925e+01 
       1.481401110285e+00       2.473961354310e+01 
       1.484217645028e+00       2.462766517231e+01 
       1.487034179775e+00       2.451639732042e+01 
       1.489850714528e+00       2.440582729746e+01 
       1.492667249285e+00       2.429593605999e+01 
       1.495483784047e+00       2.418682490483e+01 
       1.498300318814e+00       2.407840481482e+01 
       1.501116853585e+00       2.397065353805e+01 
       1.503933388361e+00       2.386358461611e+01 
       1.506749923142e+00       2.375710261615e+01 
       1.509566457928e+00       2.365122881200e+01 
       1.512382992718e+00       2.354599704555e+01 
       1.515199527512e+00       2.344145943764e+01 
       1.518016062312e+00       2.333764303674e+01 
       1.520832597116e+00       2.323446917932e+01 
       1.523649131924e+00       2.313196569929e+01 
       1.526465666737e+00       2.303000839757e+01 
       1.529282201554e+00       2.292864169027e+01 
       1.532098736376e+00       2.282787363065e+01 
       1.534915271202e+00       2.272768273904e+01 
       1.537731806033e+00       2.262817962344e+01 
       1.540548340868e+00       2.252931214304e+01 
       1.543364875708e+00       2.243106417501e+01 
       1.546181410551e+00       2.233343306888e+01 
       1.548997945399e+00       2.223634663892e+01 
       1.551814480252e+00       2.213980379331e+01 
       1.554631015108e+00       2.204380510213e+01 
       1.557447549969e+00       2.194837577580e+01 
       1.560264084834e+00       2.185360193711e+01 
       1.563080619703e+00       2.175939892119e+01 
       1.565897154577e+00       2.166575260619e+01 
       1.568713689454e+00       2.157271551074e+01 
       1.571530224336e+00       2.148016939237e+01 
       1.574346759222e+00       2.138815107506e+01 
       1.577163294112e+00       2.129663432446e+01 
       1.579979829006e+00       2.120567649001e+01 
       1.582796363904e+00       2.111529253922e+01 
       1.585612898806e+00       2.102550406325e+01 
       1.588429433712e+00       2.093627942061e+01 
       1.591245968622e+00       2.084750473566e+01 
       1.594062503536e+00       2.075926587469e+01 
       1.596879038454e+00       2.067146536636e+01 
       1.599695573375e+00       2.058423396473e+01 
       1.602512108301e+00       2.049746594728e+01 
       1.605328643231e+00       2.041123854892e+01 
       1.608145178164e+00       2.032560409994e+01 
       1.610961713101e+00       2.024044475152e+01 
       1.613778248042e+00       2.015575309688e+01 
       1.616594782987e+00       2.007155422950e+01 
       1.619411317936e+00       1.998776994907e+01 
       1.622227852888e+00       1.990449588026e+01 
       1.625044387844e+00       1.982170959627e+01 
       1.627860922804e+00       1.973942270442e+01 
       1.630677457767e+00       1.965763033640e+01 
       1.633493992735e+00       1.957634953568e+01 
       1.636310527705e+00       1.949549977868e+01 
       1.639127062680e+00       1.941507222113e+01 
       1.641943597658e+00       1.933506719922e+01 
       1.644760132640e+00       1.925556131508e+01 
       1.647576667625e+00       1.917651782284e+01 
       1.650393202614e+00       1.909788988156e+01 
       1.653209737606e+00       1.901980428968e+01 
       1.656026272602e+00       1.894212451579e+01 
       1.658842807601e+00       1.886489468247e+01 
       1.661659342604e+00       1.878807928625e+01 
       1.664475877610e+00       1.871164204035e+01 
       1.667292412620e+00       1.863565433314e+01 
       1.670108947633e+00       1.856007905739e+01 
       1.672925482650e+00       1.848499941790e+01 
       1.675742017670e+00       1.841038322076e+01 
       1.678558552694e+00       1.833609225554e+01 
       1.681375087720e+00       1.826229294874e+01 
       1.684191622750e+00       1.818884954520e+01 
       1.687008157784e+00       1.811577605105e+01 
       1.689824692821e+00       1.804312163612e+01 
       1.692641227861e+00       1.797085112008e+01 
       1.695457762904e+00       1.789903502979e+01 
       1.698274297951e+00       1.782768723783e+01 
       1.701090833001e+00       1.775669989500e+01 
       1.703907368054e+00       1.768608623549e+01 
       1.706723903110e+00       1.761580590709e+01 
       1.709540438170e+00       1.754590446405e+01 
       1.712356973233e+00       1.747640523677e+01 
       1.715173508299e+00       1.740730152712e+01 
       1.717990043368e+00       1.733861299631e+01 
       1.720806578440e+00       1.727031214621e+01 
       1.723623113515e+00       1.720236667006e+01 
       1.726439648594e+00       1.713479144450e+01 
       1.729256183675e+00       1.706754012918e+01 
       1.732072718760e+00       1.700063939837e+01 
       1.734889253848e+00       1.693409274649e+01 
       1.737705788938e+00       1.686794741793e+01 
       1.740522324032e+00       1.680218391296e+01 
       1.743338859129e+00       1.673679056868e+01 
       1.746155394229e+00       1.667176805930e+01 
       1.748971929332e+00       1.660704102068e+01 
       1.751788464437e+00       1.654265188517e+01 
       1.754604999546e+00       1.647856528522e+01 
       1.757421534658e+00       1.641485449322e+01 
       1.760238069772e+00       1.635149891683e+01 
       1.763054604890e+00       1.628852816802e+01 
       1.765871140010e+00       1.622587753312e+01 
       1.768687675134e+00       1.616355904752e+01 
       1.771504210260e+00       1.610159621217e+01 
       1.774320745389e+00       1.603988514698e+01 
       1.777137280521e+00       1.597850186934e+01 
       1.779953815656e+00       1.591745621129e+01 
       1.782770350793e+00       1.585676580214e+01 
       1.785586885934e+00       1.579640051845e+01 
       1.788403421077e+00       1.573637127157e+01 
       1.791219956223e+00       1.567665214689e+01 
       1.794036491372e+00       1.561723544081e+01 
       1.796853026523e+00       1.555809220371e+01 
       1.799669561678e+00       1.549925545702e+01 
       1.802486096835e+00       1.544073588583e+01 
       1.805302631994e+00       1.538254888437e+01 
       1.808119167157e+00       1.532468728766e+01 
       1.810935702322e+00       1.526713578532e+01 
       1.813752237490e+00       1.520987685089e+01 
       1.816568772660e+00       1.515287858458e+01 
       1.819385307833e+00       1.509616165438e+01 
       1.822201843009e+00       1.503971895510e+01 
       1.825018378187e+00       1.498360538058e+01 
       1.827834913368e+00       1.492778934375e+01 
       1.830651448552e+00       1.487228495472e+01 
       1.833467983738e+00       1.481708314361e+01 
       1.836284518927e+00       1.476215166498e+01 
       1.839101054118e+00       1.470746563276e+01 
       1.841917589312e+00       1.465304185842e+01 
       1.844734124509e+00       1.459888722811e+01 
       1.847550659708e+00       1.454504292987e+01 
       1.850367194909e+00       1.449148697846e+01 
       1.853183730114e+00       1.443824904880e+01 
       1.856000265320e+00       1.438524719551e+01 
       1.858816800529e+00       1.433251213002e+01 
       1.861633335741e+00       1.428002904816e+01 
       2.343657409796e+00       8.142720735153e+00 
       2.950489869685e+00       4.609887354462e+00 
       3.714446674188e+00       2.592796966889e+00 
       4.676211308889e+00       1.449625991327e+00 
       5.887001247680e+00       8.060656015148e-01 
       7.411295469968e+00       4.459801035428e-01 
       9.330268201458e+00       2.455364468702e-01 
       1.174611173767e+01       1.345871461510e-01 
       1.478747855633e+01       7.349487110403e-02 
       1.861633253092e+01       4.002816468783e-02 
       2.343657409759e+01       2.168735444338e-02 
       2.950489869685e+01       1.169679080135e-02 
       3.714446674188e+01       6.326286890044e-03 
       4.676211308889e+01       3.377976655736e-03 
       5.887001247680e+01       1.799585415672e-03 
       7.411295469968e+01       9.592918200736e-04 
       9.330268201458e+01       5.110693323707e-04 
       1.174611173767e+02       2.714433965295e-04 
       1.478747855633e+02       1.374858647895e-04 
