# Matter power spectrum P(k) at redshift z=0
# for k=9.1423e-06 to 147.875 h/Mpc,
# number of wavenumbers equal to 1050
#    1:k (h/Mpc)              2:P (Mpc/h)^3        
       9.142301666472e-06       5.447770825280e+01 
       2.042836522964e-05       1.207264619907e+02 
       3.174488627200e-05       1.867523702520e+02 
       4.311522688834e-05       2.528389542798e+02 
       5.456304624503e-05       3.191865417970e+02 
       6.611246267637e-05       3.859687503893e+02 
       7.778821979947e-05       4.533488712002e+02 
       8.961585837474e-05       5.214868825305e+02 
       1.016218956535e-04       5.905433678018e+02 
       1.138340139722e-04       6.606819816082e+02 
       1.262812603695e-04       7.320716820372e+02 
       1.389942590079e-04       8.048881864194e+02 
       1.520054381692e-04       8.793156864539e+02 
       1.653492735403e-04       9.555483395888e+02 
       1.790625494058e-04       1.033791805908e+03 
       1.931846391797e-04       1.114264823753e+03 
       2.077578064151e-04       1.197200824021e+03 
       2.228275269856e-04       1.282849622677e+03 
       2.384428324857e-04       1.371479158544e+03 
       2.546566739757e-04       1.463377299085e+03 
       2.715263039391e-04       1.558853673348e+03 
       2.891136726136e-04       1.658241522250e+03 
       3.074858326140e-04       1.761899507082e+03 
       3.267153428614e-04       1.870213419930e+03 
       3.468806591565e-04       1.983597713827e+03 
       3.680664941965e-04       2.102496755340e+03 
       3.903641243701e-04       2.227385609064e+03 
       4.138716143203e-04       2.358770256767e+03 
       4.386939231933e-04       2.497186952899e+03 
       4.649428490900e-04       2.643200546883e+03 
       4.927367611679e-04       2.797401405883e+03 
       5.222000631630e-04       2.960400699465e+03 
       5.534623293071e-04       3.132823701232e+03 
       5.866570556135e-04       3.315300890279e+03 
       6.219199785383e-04       3.508456429099e+03 
       6.593869313033e-04       3.712894347387e+03 
       6.991912374024e-04       3.929182063361e+03 
       7.414606814090e-04       4.157831981642e+03 
       7.863141474468e-04       4.399281456765e+03 
       8.338580709961e-04       4.653872607760e+03 
       8.841829024428e-04       4.921832609933e+03 
       9.373598209100e-04       5.203256563235e+03 
       9.934379538704e-04       5.498094011791e+03 
       1.052442343416e-03       5.806140813605e+03 
       1.114372850639e-03       6.127037221559e+03 
       1.179204109393e-03       6.460272788645e+03 
       1.246886541097e-03       6.805197754963e+03 
       1.317348339777e-03       7.161040002111e+03 
       1.390498248551e-03       7.526926472976e+03 
       1.466228889144e-03       7.901906343219e+03 
       1.544420381770e-03       8.284977418649e+03 
       1.624944002913e-03       8.675108485284e+03 
       1.707665665943e-03       9.071262473485e+03 
       1.792449063302e-03       9.472416464604e+03 
       1.879158367967e-03       9.877576489611e+03 
       1.967660447027e-03       1.028579239941e+04 
       2.057826585552e-03       1.069616837806e+04 
       2.149533751954e-03       1.110788149449e+04 
       2.242665456852e-03       1.152013307740e+04 
       2.337112267704e-03       1.193220795596e+04 
       2.432772043708e-03       1.234345367640e+04 
       2.529549952208e-03       1.275327884157e+04 
       2.627358321337e-03       1.316114909409e+04 
       2.726116375589e-03       1.356658567040e+04 
       2.825749892675e-03       1.396915897836e+04 
       2.926190812134e-03       1.436848851713e+04 
       3.027376819179e-03       1.476423676690e+04 
       3.129250921308e-03       1.515610629226e+04 
       3.231761030324e-03       1.554383607258e+04 
       3.334859558548e-03       1.592719820339e+04 
       3.438503034957e-03       1.630599472110e+04 
       3.542651744717e-03       1.668005462472e+04 
       3.647269393861e-03       1.704923038556e+04 
       3.752322799653e-03       1.741339649847e+04 
       3.857781606312e-03       1.777244951371e+04 
       3.963618025201e-03       1.812629748191e+04 
       4.069806598198e-03       1.847486804948e+04 
       4.176323982780e-03       1.881810513465e+04 
       4.283148757222e-03       1.915595708744e+04 
       4.390261244310e-03       1.948839329751e+04 
       4.497643351974e-03       1.981538484185e+04 
       4.605278429334e-03       2.013691724943e+04 
       4.713151136718e-03       2.045297595098e+04 
       4.821247328329e-03       2.076356629028e+04 
       4.929553946317e-03       2.106868636208e+04 
       5.038058925136e-03       2.136835064319e+04 
       5.146751105159e-03       2.166257384172e+04 
       5.255620154617e-03       2.195137555417e+04 
       5.364656499021e-03       2.223478306445e+04 
       5.473851257308e-03       2.251281715606e+04 
       5.583196184035e-03       2.278551168925e+04 
       5.692683616999e-03       2.305290253759e+04 
       5.802306429742e-03       2.331502438904e+04 
       5.912057988447e-03       2.357190077939e+04 
       6.021932112788e-03       2.382360305246e+04 
       6.131923040328e-03       2.407014702134e+04 
       6.242025394130e-03       2.431157715788e+04 
       6.352234153252e-03       2.454794948847e+04 
       6.462544625846e-03       2.477928779192e+04 
       6.572952424615e-03       2.500566775747e+04 
       6.683453444393e-03       2.522712163153e+04 
       6.794043841641e-03       2.544368883487e+04 
       6.904720015699e-03       2.565541863188e+04 
       7.015478591597e-03       2.586238115200e+04 
       7.126316404309e-03       2.606459374691e+04 
       7.237230484298e-03       2.626211039166e+04 
       7.348218044243e-03       2.645502003888e+04 
       7.459276466838e-03       2.664332263057e+04 
       7.570403293563e-03       2.682711086504e+04 
       7.681596214352e-03       2.700640835015e+04 
       7.792853058065e-03       2.718125144730e+04 
       7.904171783704e-03       2.735170128524e+04 
       8.015550472300e-03       2.751783366048e+04 
       8.126987319430e-03       2.767965906540e+04 
       8.238480628285e-03       2.783725556046e+04 
       8.350028803267e-03       2.799066716762e+04 
       8.461630344060e-03       2.813994265148e+04 
       8.573283840135e-03       2.828510847206e+04 
       8.684987965658e-03       2.842621962309e+04 
       8.796741474765e-03       2.856336340770e+04 
       8.908543197178e-03       2.869654025215e+04 
       9.020392034133e-03       2.882581426719e+04 
       9.132286954600e-03       2.895124609513e+04 
       9.244226991758e-03       2.907285829159e+04 
       9.356211239732e-03       2.919071645669e+04 
       9.468238850540e-03       2.930486006257e+04 
       9.580309031264e-03       2.941532776111e+04 
       9.692421041410e-03       2.952218961431e+04 
       9.804574190444e-03       2.962544816849e+04 
       9.916767835502e-03       2.972520030047e+04 
       1.002900137926e-02       2.982143550991e+04 
       1.014127426791e-02       2.991424208633e+04 
       1.025358598937e-02       3.000364023336e+04 
       1.036593607146e-02       3.008971422474e+04 
       1.047832408037e-02       3.017243550724e+04 
       1.059074961907e-02       3.025188668302e+04 
       1.070321232599e-02       3.032812858935e+04 
       1.081571187362e-02       3.040118449056e+04 
       1.092824796737e-02       3.047108550143e+04 
       1.104082034434e-02       3.053787921122e+04 
       1.115342877234e-02       3.060160389065e+04 
       1.126607304884e-02       3.066229368702e+04 
       1.137875300008e-02       3.072004940361e+04 
       1.149146848018e-02       3.077483891710e+04 
       1.160421937038e-02       3.082668783959e+04 
       1.171700557827e-02       3.087569346935e+04 
       1.182982703710e-02       3.092187878466e+04 
       1.194268370516e-02       3.096526735124e+04 
       1.205557556519e-02       3.100590179141e+04 
       1.216850262379e-02       3.104383194725e+04 
       1.228146491100e-02       3.107907461013e+04 
       1.239446247974e-02       3.111167317130e+04 
       1.250749540546e-02       3.114166984089e+04 
       1.262056378572e-02       3.116908619543e+04 
       1.273366773984e-02       3.119397089908e+04 
       1.284680740859e-02       3.121636379415e+04 
       1.295998295388e-02       3.123628888726e+04 
       1.307319455850e-02       3.125375427249e+04 
       1.318644242593e-02       3.126888862699e+04 
       1.329972678009e-02       3.128182396593e+04 
       1.341304786517e-02       3.129236994140e+04 
       1.352640594550e-02       3.130044617452e+04 
       1.363980130541e-02       3.130624786413e+04 
       1.375323424911e-02       3.130987089214e+04 
       1.386670510064e-02       3.131124016787e+04 
       1.398021420377e-02       3.131047587927e+04 
       1.409376192201e-02       3.130754022897e+04 
       1.420734863853e-02       3.130249679092e+04 
       1.432097475623e-02       3.129539617558e+04 
       1.443464069769e-02       3.128622445409e+04 
       1.454834690528e-02       3.127508007204e+04 
       1.466209384113e-02       3.126190316044e+04 
       1.477588198731e-02       3.124677062045e+04 
       1.488971184584e-02       3.122972534601e+04 
       1.500358393883e-02       3.121075173771e+04 
       1.511749880861e-02       3.118996766738e+04 
       1.523145701788e-02       3.116725137982e+04 
       1.534545914984e-02       3.114276552372e+04 
       1.545950580842e-02       3.111652934708e+04 
       1.557359761840e-02       3.108848006614e+04 
       1.568773522569e-02       3.105873253777e+04 
       1.580191929752e-02       3.102727993357e+04 
       1.591615052269e-02       3.099414172578e+04 
       1.603042961181e-02       3.095938744487e+04 
       1.614475729759e-02       3.092299607655e+04 
       1.625913433514e-02       3.088492958286e+04 
       1.637356150225e-02       3.084541967886e+04 
       1.648803959971e-02       3.080431886959e+04 
       1.660256945168e-02       3.076170039295e+04 
       1.671715190600e-02       3.071767092832e+04 
       1.683178783459e-02       3.067211464710e+04 
       1.694647813382e-02       3.062513978845e+04 
       1.706122372493e-02       3.057673675099e+04 
       1.717602555441e-02       3.052692476195e+04 
       1.729088459449e-02       3.047582094342e+04 
       1.740580184355e-02       3.042335190586e+04 
       1.752077832661e-02       3.036957130844e+04 
       1.763581509582e-02       3.031447255592e+04 
       1.775091323097e-02       3.025819199569e+04 
       1.786607383998e-02       3.020064546600e+04 
       1.798129805951e-02       3.014186531757e+04 
       1.809658705545e-02       3.008189544207e+04 
       1.821194202358e-02       3.002076422723e+04 
       1.832736419010e-02       2.995850700029e+04 
       1.844285481230e-02       2.989514834998e+04 
       1.855841517919e-02       2.983067621806e+04 
       1.867404661218e-02       2.976509353925e+04 
       1.878975046575e-02       2.969852075079e+04 
       1.890552812816e-02       2.963089497832e+04 
       1.902138102221e-02       2.956221171393e+04 
       1.913731060597e-02       2.949257670689e+04 
       1.925331837360e-02       2.942202582676e+04 
       1.936940585609e-02       2.935043008924e+04 
       1.948557462219e-02       2.927795765610e+04 
       1.960182627919e-02       2.920458527128e+04 
       1.971816247384e-02       2.913034670958e+04 
       1.983458489328e-02       2.905526421863e+04 
       1.995109526596e-02       2.897927946992e+04 
       2.006769536263e-02       2.890246660896e+04 
       2.018438699735e-02       2.882490498174e+04 
       2.030117202854e-02       2.874651911962e+04 
       2.041805236001e-02       2.866739989070e+04 
       2.053502994213e-02       2.858751444968e+04 
       2.065210677291e-02       2.850688438624e+04 
       2.076928489924e-02       2.842557452694e+04 
       2.088656641804e-02       2.834351753961e+04 
       2.100395347759e-02       2.826083530523e+04 
       2.112144827877e-02       2.817755284765e+04 
       2.123905307642e-02       2.809350165121e+04 
       2.135677018072e-02       2.800887214727e+04 
       2.147460195863e-02       2.792368707394e+04 
       2.159255083534e-02       2.783796757719e+04 
       2.171061929582e-02       2.775157455755e+04 
       2.182880988636e-02       2.766467468624e+04 
       2.194712521623e-02       2.757725195304e+04 
       2.206556795934e-02       2.748931254984e+04 
       2.218414085597e-02       2.740080832844e+04 
       2.230284671457e-02       2.731189652762e+04 
       2.242168841363e-02       2.722247200143e+04 
       2.254066890356e-02       2.713261669746e+04 
       2.265979120871e-02       2.704229528452e+04 
       2.277905842939e-02       2.695157550099e+04 
       2.289847374401e-02       2.686042842950e+04 
       2.301804041127e-02       2.676890214216e+04 
       2.313776177243e-02       2.667696499118e+04 
       2.325764125365e-02       2.658468431096e+04 
       2.337768236845e-02       2.649208280515e+04 
       2.349788872018e-02       2.639909431246e+04 
       2.361826400471e-02       2.630584155162e+04 
       2.373881201303e-02       2.621216743557e+04 
       2.385953663416e-02       2.611840253948e+04 
       2.398044185797e-02       2.602426477503e+04 
       2.410153177824e-02       2.592981298131e+04 
       2.422281059574e-02       2.583508691155e+04 
       2.434428262152e-02       2.574016882977e+04 
       2.446595228023e-02       2.564500550962e+04 
       2.458782411362e-02       2.554964984322e+04 
       2.470990278414e-02       2.545406954162e+04 
       2.483219307875e-02       2.535825650677e+04 
       2.495469991276e-02       2.526231186803e+04 
       2.507742833391e-02       2.516617580022e+04 
       2.520038352660e-02       2.506988123984e+04 
       2.532357081624e-02       2.497337930879e+04 
       2.544699567383e-02       2.487677810356e+04 
       2.557066372066e-02       2.478007497609e+04 
       2.569458073328e-02       2.468329505157e+04 
       2.581875264861e-02       2.458632024822e+04 
       2.594318556927e-02       2.448925206721e+04 
       2.606788576915e-02       2.439207766130e+04 
       2.619285969920e-02       2.429494345422e+04 
       2.631811399346e-02       2.419759537118e+04 
       2.644365547537e-02       2.410024389956e+04 
       2.656949116431e-02       2.400282467563e+04 
       2.669562828247e-02       2.390541350667e+04 
       2.682207426196e-02       2.380793250192e+04 
       2.694883675230e-02       2.371035772180e+04 
       2.707592362817e-02       2.361285733762e+04 
       2.720334299761e-02       2.351536021081e+04 
       2.733110321043e-02       2.341783868836e+04 
       2.745921286719e-02       2.332028196431e+04 
       2.758768082845e-02       2.322281460391e+04 
       2.771651622449e-02       2.312525339961e+04 
       2.784572846555e-02       2.302779140465e+04 
       2.797532725242e-02       2.293033533341e+04 
       2.810532258770e-02       2.283296560691e+04 
       2.823572478743e-02       2.273562315027e+04 
       2.836654449342e-02       2.263830052052e+04 
       2.849779268614e-02       2.254108508924e+04 
       2.862948069822e-02       2.244392532075e+04 
       2.876162022866e-02       2.234683091077e+04 
       2.889422335775e-02       2.224972495536e+04 
       2.902730256276e-02       2.215287594073e+04 
       2.916087073439e-02       2.205595110694e+04 
       2.929494119420e-02       2.195922909416e+04 
       2.942952771278e-02       2.186253303757e+04 
       2.956464452906e-02       2.176594185381e+04 
       2.970030637053e-02       2.166948059624e+04 
       2.983652847464e-02       2.157311045301e+04 
       2.997332661135e-02       2.147685876231e+04 
       3.011071710690e-02       2.138073173636e+04 
       3.024871686898e-02       2.128471306107e+04 
       3.038734341329e-02       2.118878371991e+04 
       3.052661489158e-02       2.109302244789e+04 
       3.066655012146e-02       2.099738740425e+04 
       3.080716861779e-02       2.090187585211e+04 
       3.094849062605e-02       2.080652983101e+04 
       3.109053715768e-02       2.071125831248e+04 
       3.123333002758e-02       2.061613127419e+04 
       3.137689189390e-02       2.052110711879e+04 
       3.152124630033e-02       2.042625755361e+04 
       3.166641772104e-02       2.033164008845e+04 
       3.181243160854e-02       2.023706598147e+04 
       3.195931444452e-02       2.014262830945e+04 
       3.210709379420e-02       2.004838778147e+04 
       3.225579836409e-02       1.995411901622e+04 
       3.240545806377e-02       1.986018392145e+04 
       3.255610407182e-02       1.976635220434e+04 
       3.270776890632e-02       1.967263102721e+04 
       3.286048650023e-02       1.957907626812e+04 
       3.301429228221e-02       1.948564841912e+04 
       3.316922326313e-02       1.939240124216e+04 
       3.332531812897e-02       1.929919252053e+04 
       3.348261734056e-02       1.920623356464e+04 
       3.364116324075e-02       1.911327637278e+04 
       3.380100016982e-02       1.902054892376e+04 
       3.396217458972e-02       1.892796918703e+04 
       3.412473521804e-02       1.883540878919e+04 
       3.428873317270e-02       1.874307202858e+04 
       3.445422212824e-02       1.865078466405e+04 
       3.462125848496e-02       1.855867519249e+04 
       3.478990155217e-02       1.846653491911e+04 
       3.496021374685e-02       1.837469921102e+04 
       3.513226080954e-02       1.828284821128e+04 
       3.530611203895e-02       1.819109376132e+04 
       3.548184054749e-02       1.809943669013e+04 
       3.565952353995e-02       1.800778459375e+04 
       3.583924261768e-02       1.791633947244e+04 
       3.602108411130e-02       1.782486537352e+04 
       3.620513944511e-02       1.773344215150e+04 
       3.639150553679e-02       1.764213260209e+04 
       3.658028523656e-02       1.755077316683e+04 
       3.677158781057e-02       1.745950031202e+04 
       3.696552947376e-02       1.736819411372e+04 
       3.716223397844e-02       1.727695534258e+04 
       3.736183326559e-02       1.718569957685e+04 
       3.756446818692e-02       1.709443585911e+04 
       3.777028930699e-02       1.700306154719e+04 
       3.797945779616e-02       1.691166437878e+04 
       3.819214642670e-02       1.682023334622e+04 
       3.840854068659e-02       1.672868881799e+04 
       3.862884002763e-02       1.663702860883e+04 
       3.885325926754e-02       1.654529321966e+04 
       3.908203016896e-02       1.645339531753e+04 
       3.931540322221e-02       1.636130038059e+04 
       3.955364966358e-02       1.626903356630e+04 
       3.979706376676e-02       1.617652500074e+04 
       4.004596545175e-02       1.608376502538e+04 
       4.030070326442e-02       1.599071345812e+04 
       4.056165779015e-02       1.589735505416e+04 
       4.082924557749e-02       1.580370145356e+04 
       4.110392366361e-02       1.570956835604e+04 
       4.138619481235e-02       1.561504087588e+04 
       4.167661359962e-02       1.552003481369e+04 
       4.197579351036e-02       1.542444904544e+04 
       4.228441524840e-02       1.532826340328e+04 
       4.260323650682e-02       1.523143031628e+04 
       4.293310350488e-02       1.513379314476e+04 
       4.327496467147e-02       1.503539487601e+04 
       4.362988694836e-02       1.493597927591e+04 
       4.399907530586e-02       1.483553690142e+04 
       4.438389621477e-02       1.473394919319e+04 
       4.478590601202e-02       1.463102063266e+04 
       4.520688534327e-02       1.452663813851e+04 
       4.564888117823e-02       1.442055651652e+04 
       4.611425828685e-02       1.431253752546e+04 
       4.660576255235e-02       1.420233651711e+04 
       4.712659908478e-02       1.408959988793e+04 
       4.768052877689e-02       1.397392712445e+04 
       4.827198765321e-02       1.385477954617e+04 
       4.890623395057e-02       1.373158595175e+04 
       4.958952797860e-02       1.360347195147e+04 
       5.032934869723e-02       1.346945398718e+04 
       5.113464712676e-02       1.332823462045e+04 
       5.201612736626e-02       1.317805897225e+04 
       5.298652616637e-02       1.301669240667e+04 
       5.406082378606e-02       1.284109627399e+04 
       5.525625220927e-02       1.264737987653e+04 
       5.659186621761e-02       1.243049351576e+04 
       5.808732924253e-02       1.218415997579e+04 
       5.976053272399e-02       1.190114587236e+04 
       6.162392566457e-02       1.157417937491e+04 
       6.368021762765e-02       1.119771242088e+04 
       6.591926356351e-02       1.077050141715e+04 
       6.831836382711e-02       1.029778984031e+04 
       7.084667288960e-02       9.791938440491e+03 
       7.347168638513e-02       9.270682762186e+03 
       7.616463088753e-02       8.753688697173e+03 
       7.890303552584e-02       8.259357878302e+03 
       8.167083210407e-02       7.802019934271e+03 
       8.445719702925e-02       7.391071069129e+03 
       8.725511913668e-02       7.030575239773e+03 
       9.006016864215e-02       6.720124070802e+03 
       9.286958998144e-02       6.455662141988e+03 
       9.568168538176e-02       6.230631096524e+03 
       9.849541483496e-02       6.037047336996e+03 
       1.013101434158e-01       5.866311554325e+03 
       1.041254842160e-01       5.710157615961e+03 
       1.069412016492e-01       5.561243146796e+03 
       1.097571522660e-01       5.413711180155e+03 
       1.125732486540e-01       5.263512467309e+03 
       1.153894374648e-01       5.108519733495e+03 
       1.182056860551e-01       4.948433471304e+03 
       1.210219743709e-01       4.784527714149e+03 
       1.238382900188e-01       4.619146764287e+03 
       1.266546252720e-01       4.455250361103e+03 
       1.294709752525e-01       4.295886081278e+03 
       1.322873368257e-01       4.143808894463e+03 
       1.351037079291e-01       4.001152982567e+03 
       1.379200871629e-01       3.869281695879e+03 
       1.407364735411e-01       3.748760839541e+03 
       1.435528663387e-01       3.639401768421e+03 
       1.463692649990e-01       3.540414090829e+03 
       1.491856690758e-01       3.450540125404e+03 
       1.520020781974e-01       3.368259367153e+03 
       1.548184920450e-01       3.291934438094e+03 
       1.576349103380e-01       3.219972866462e+03 
       1.604513328249e-01       3.150946889801e+03 
       1.632677592777e-01       3.083685815374e+03 
       1.660841894872e-01       3.017341535980e+03 
       1.689006232607e-01       2.951403654706e+03 
       1.717170604191e-01       2.885690277547e+03 
       1.745335007961e-01       2.820301818600e+03 
       1.773499442364e-01       2.755548499991e+03 
       1.801663905946e-01       2.691870042158e+03 
       1.829828397348e-01       2.629755061709e+03 
       1.857992915294e-01       2.569668705228e+03 
       1.886157458584e-01       2.511994497875e+03 
       1.914322026091e-01       2.457000080104e+03 
       1.942486616754e-01       2.404821076148e+03 
       1.970651229572e-01       2.355464526773e+03 
       1.998815863603e-01       2.308821853225e+03 
       2.026980517955e-01       2.264698032382e+03 
       2.055145191789e-01       2.222842549227e+03 
       2.083309884308e-01       2.182960492309e+03 
       2.111474594759e-01       2.144761041772e+03 
       2.139639322431e-01       2.107971486019e+03 
       2.167804066646e-01       2.072348470713e+03 
       2.195968826766e-01       2.037697314018e+03 
       2.224133602181e-01       2.003876355041e+03 
       2.252298392315e-01       1.970795011650e+03 
       2.280463196619e-01       1.938409769815e+03 
       2.308628014570e-01       1.906716045428e+03 
       2.336792845673e-01       1.875736675653e+03 
       2.364957689455e-01       1.845510920105e+03 
       2.393122545466e-01       1.816083610984e+03 
       2.421287413276e-01       1.787495417450e+03 
       2.449452292476e-01       1.759777288480e+03 
       2.477617182676e-01       1.732944140559e+03 
       2.505782083502e-01       1.706994536646e+03 
       2.533946994599e-01       1.681910437618e+03 
       2.562111915625e-01       1.657661507707e+03 
       2.590276846255e-01       1.634207213180e+03 
       2.618441786178e-01       1.611497087641e+03 
       2.646606735095e-01       1.589481019419e+03 
       2.674771692720e-01       1.568103594814e+03 
       2.702936658781e-01       1.547326881705e+03 
       2.731101633014e-01       1.527093601009e+03 
       2.759266615168e-01       1.507377590559e+03 
       2.787431605002e-01       1.488144522438e+03 
       2.815596602284e-01       1.469370809430e+03 
       2.843761606792e-01       1.451038932356e+03 
       2.871926618313e-01       1.433135519985e+03 
       2.900091636640e-01       1.415652626462e+03 
       2.928256661577e-01       1.398581454629e+03 
       2.956421692933e-01       1.381915998397e+03 
       2.984586730527e-01       1.365651459436e+03 
       3.012751774182e-01       1.349779199196e+03 
       3.040916823730e-01       1.334293794141e+03 
       3.069081879006e-01       1.319184179801e+03 
       3.097246939855e-01       1.304440829177e+03 
       3.125412006125e-01       1.290051410563e+03 
       3.153577077670e-01       1.276005279084e+03 
       3.181742154349e-01       1.262287707321e+03 
       3.209907236027e-01       1.248888510611e+03 
       3.238072322573e-01       1.235793158653e+03 
       3.266237413859e-01       1.222991888488e+03 
       3.294402509765e-01       1.210470593079e+03 
       3.322567610172e-01       1.198221491304e+03 
       3.350732714965e-01       1.186235325124e+03 
       3.378897824036e-01       1.174501091415e+03 
       3.407062937277e-01       1.163012076941e+03 
       3.435228054586e-01       1.151764475525e+03 
       3.463393175862e-01       1.140745858496e+03 
       3.491558301010e-01       1.129954007648e+03 
       3.519723429936e-01       1.119380709552e+03 
       3.547888562550e-01       1.109021832283e+03 
       3.576053698764e-01       1.098871576331e+03 
       3.604218838493e-01       1.088923941450e+03 
       3.632383981656e-01       1.079173267458e+03 
       3.660549128173e-01       1.069615272173e+03 
       3.688714277967e-01       1.060243327314e+03 
       3.716879430962e-01       1.051053827228e+03 
       3.745044587088e-01       1.042040368552e+03 
       3.773209746272e-01       1.033198076068e+03 
       3.801374908447e-01       1.024522794326e+03 
       3.829540073547e-01       1.016009445630e+03 
       3.857705241507e-01       1.007653783660e+03 
       3.885870412265e-01       9.994511267087e+02 
       3.914035585761e-01       9.913978205909e+02 
       3.942200761935e-01       9.834893512091e+02 
       3.970365940730e-01       9.757224624923e+02 
       3.998531122091e-01       9.680941553779e+02 
       4.026696305964e-01       9.605983252729e+02 
       4.054861492296e-01       9.532354980525e+02 
       4.083026681035e-01       9.459975576195e+02 
       4.111191872134e-01       9.388854984356e+02 
       4.139357065542e-01       9.318943741249e+02 
       4.167522261213e-01       9.250219825373e+02 
       4.195687459102e-01       9.182646472406e+02 
       4.223852659164e-01       9.116199356035e+02 
       4.252017861355e-01       9.050855540138e+02 
       4.280183065634e-01       8.986582414253e+02 
       4.308348271959e-01       8.923355436868e+02 
       4.336513480290e-01       8.861148482631e+02 
       4.364678690588e-01       8.799942446757e+02 
       4.392843902816e-01       8.739707374190e+02 
       4.421009116937e-01       8.680425488303e+02 
       4.449174332913e-01       8.622070852404e+02 
       4.477339550711e-01       8.564625500920e+02 
       4.505504770296e-01       8.508061317655e+02 
       4.533669991634e-01       8.452370135171e+02 
       4.561835214693e-01       8.397518001006e+02 
       4.590000439442e-01       8.343497606349e+02 
       4.618165665848e-01       8.290285687587e+02 
       4.646330893883e-01       8.237865710918e+02 
       4.674496123516e-01       8.186213939660e+02 
       4.702661354718e-01       8.135318927745e+02 
       4.730826587462e-01       8.085167500255e+02 
       4.758991821720e-01       8.035737020828e+02 
       4.787157057465e-01       7.987015371740e+02 
       4.815322294672e-01       7.938984487549e+02 
       4.843487533314e-01       7.891631608690e+02 
       4.871652773366e-01       7.844944080944e+02 
       4.899818014804e-01       7.798903745432e+02 
       4.927983257605e-01       7.753499715100e+02 
       4.956148501745e-01       7.708716086125e+02 
       4.984313747201e-01       7.664543736002e+02 
       5.012478993951e-01       7.620967063040e+02 
       5.040644241973e-01       7.577974661344e+02 
       5.068809491247e-01       7.535554342772e+02 
       5.096974741750e-01       7.493694652096e+02 
       5.125139993463e-01       7.452383890025e+02 
       5.153305246367e-01       7.411611500374e+02 
       5.181470500440e-01       7.371366080062e+02 
       5.209635755666e-01       7.331637315387e+02 
       5.237801012024e-01       7.292415828784e+02 
       5.265966269496e-01       7.253689738055e+02 
       5.294131528066e-01       7.215450362882e+02 
       5.322296787715e-01       7.177689043903e+02 
       5.350462048426e-01       7.140394414881e+02 
       5.378627310182e-01       7.103558640071e+02 
       5.406792572968e-01       7.067174182633e+02 
       5.434957836766e-01       7.031229551653e+02 
       5.463123101562e-01       6.995718678750e+02 
       5.491288367340e-01       6.960632537219e+02 
       5.519453634085e-01       6.925962717531e+02 
       5.547618901782e-01       6.891702219694e+02 
       5.575784170417e-01       6.857842331702e+02 
       5.603949439975e-01       6.824376514438e+02 
       5.632114710443e-01       6.791296826757e+02 
       5.660279981807e-01       6.758596797361e+02 
       5.688445254054e-01       6.726268621301e+02 
       5.716610527170e-01       6.694306540134e+02 
       5.744775801143e-01       6.662703580116e+02 
       5.772941075960e-01       6.631452453970e+02 
       5.801106351609e-01       6.600547597172e+02 
       5.829271628077e-01       6.569982591602e+02 
       5.857436905354e-01       6.539751648896e+02 
       5.885602183427e-01       6.509848439068e+02 
       5.913767462285e-01       6.480267422716e+02 
       5.941932741916e-01       6.451002782752e+02 
       5.970098022311e-01       6.422049164824e+02 
       5.998263303457e-01       6.393399986545e+02 
       6.026428585345e-01       6.365052726238e+02 
       6.054593867963e-01       6.337000813905e+02 
       6.082759151303e-01       6.309237260800e+02 
       6.110924435353e-01       6.281759991048e+02 
       6.139089720104e-01       6.254562658475e+02 
       6.167255005547e-01       6.227639887414e+02 
       6.195420291672e-01       6.200989847230e+02 
       6.223585578470e-01       6.174604366352e+02 
       6.251750865931e-01       6.148481916043e+02 
       6.279916154046e-01       6.122616239197e+02 
       6.308081442808e-01       6.097003942325e+02 
       6.336246732207e-01       6.071640663127e+02 
       6.364412022234e-01       6.046522379292e+02 
       6.392577312882e-01       6.021645293720e+02 
       6.420742604142e-01       5.997004599299e+02 
       6.448907896006e-01       5.972597805201e+02 
       6.477073188467e-01       5.948421097840e+02 
       6.505238481516e-01       5.924469429138e+02 
       6.533403775146e-01       5.900740454994e+02 
       6.561569069349e-01       5.877229251084e+02 
       6.589734364119e-01       5.853933884862e+02 
       6.617899659447e-01       5.830850698305e+02 
       6.646064955327e-01       5.807975610818e+02 
       6.674230251751e-01       5.785306412966e+02 
       6.702395548714e-01       5.762839625168e+02 
       6.730560846207e-01       5.740569855175e+02 
       6.758726144225e-01       5.718497971623e+02 
       6.786891442760e-01       5.696617154306e+02 
       6.815056741807e-01       5.674927749051e+02 
       6.843222041359e-01       5.653425051462e+02 
       6.871387341410e-01       5.632106265170e+02 
       6.899552641953e-01       5.610970110378e+02 
       6.927717942984e-01       5.590012009439e+02 
       6.955883244495e-01       5.569230116842e+02 
       6.984048546481e-01       5.548621994039e+02 
       7.012213848936e-01       5.528184430412e+02 
       7.040379151855e-01       5.507915221832e+02 
       7.068544455231e-01       5.487813692752e+02 
       7.096709759061e-01       5.467873246764e+02 
       7.124875063337e-01       5.448094858467e+02 
       7.153040368056e-01       5.428475750071e+02 
       7.181205673211e-01       5.409011921787e+02 
       7.209370978797e-01       5.389704024267e+02 
       7.237536284810e-01       5.370546805542e+02 
       7.265701591245e-01       5.351540071228e+02 
       7.293866898096e-01       5.332682709490e+02 
       7.322032205360e-01       5.313968863290e+02 
       7.350197513030e-01       5.295400074596e+02 
       7.378362821102e-01       5.276973141341e+02 
       7.406528129573e-01       5.258685744918e+02 
       7.434693438436e-01       5.240536411911e+02 
       7.462858747689e-01       5.222522217512e+02 
       7.491024057326e-01       5.204642283655e+02 
       7.519189367343e-01       5.186894799102e+02 
       7.547354677736e-01       5.169277817855e+02 
       7.575519988500e-01       5.151789024865e+02 
       7.603685299632e-01       5.134427765778e+02 
       7.631850611127e-01       5.117191314683e+02 
       7.660015922982e-01       5.100078867803e+02 
       7.688181235192e-01       5.083088584245e+02 
       7.716346547754e-01       5.066217722282e+02 
       7.744511860664e-01       5.049466051642e+02 
       7.772677173917e-01       5.032831112149e+02 
       7.800842487511e-01       5.016312918249e+02 
       7.829007801441e-01       4.999908340805e+02 
       7.857173115704e-01       4.983616215172e+02 
       7.885338430296e-01       4.967435651020e+02 
       7.913503745214e-01       4.951364939378e+02 
       7.941669060454e-01       4.935402202725e+02 
       7.969834376013e-01       4.919546916448e+02 
       7.997999691888e-01       4.903797206281e+02 
       8.026165008075e-01       4.888151788328e+02 
       8.054330324571e-01       4.872609411079e+02 
       8.082495641372e-01       4.857169039008e+02 
       8.110660958476e-01       4.841828892683e+02 
       8.138826275880e-01       4.826587825642e+02 
       8.166991593579e-01       4.811445674463e+02 
       8.195156911572e-01       4.796399631596e+02 
       8.223322229855e-01       4.781448859921e+02 
       8.251487548425e-01       4.766592712804e+02 
       8.279652867279e-01       4.751830023486e+02 
       8.307818186415e-01       4.737159471125e+02 
       8.335983505829e-01       4.722580055809e+02 
       8.364148825519e-01       4.708091792530e+02 
       8.392314145482e-01       4.693692143302e+02 
       8.420479465715e-01       4.679381409523e+02 
       8.448644786215e-01       4.665155337761e+02 
       8.476810106980e-01       4.651013867567e+02 
       8.504975428007e-01       4.636953323712e+02 
       8.533140749294e-01       4.622982000321e+02 
       8.561306070838e-01       4.609096818066e+02 
       8.589471392636e-01       4.595295584979e+02 
       8.617636714686e-01       4.581574491514e+02 
       8.645802036986e-01       4.567930302909e+02 
       8.673967359532e-01       4.554363448272e+02 
       8.702132682324e-01       4.540873422856e+02 
       8.730298005357e-01       4.527461324302e+02 
       8.758463328631e-01       4.514127900942e+02 
       8.786628652142e-01       4.500870810127e+02 
       8.814793975888e-01       4.487689716371e+02 
       8.842959299868e-01       4.474581451030e+02 
       8.871124624078e-01       4.461546614645e+02 
       8.899289948517e-01       4.448582273525e+02 
       8.927455273182e-01       4.435690800855e+02 
       8.955620598072e-01       4.422871810827e+02 
       8.983785923184e-01       4.410122573856e+02 
       9.011951248517e-01       4.397442507971e+02 
       9.040116574067e-01       4.384830407085e+02 
       9.068281899834e-01       4.372282755053e+02 
       9.096447225814e-01       4.359802323704e+02 
       9.124612552007e-01       4.347389359595e+02 
       9.152777878409e-01       4.335044649262e+02 
       9.180943205020e-01       4.322768640982e+02 
       9.209108531837e-01       4.310557841359e+02 
       9.237273858858e-01       4.298410024523e+02 
       9.265439186082e-01       4.286322131225e+02 
       9.293604513507e-01       4.274291671353e+02 
       9.321769841130e-01       4.262321753947e+02 
       9.349935168951e-01       4.250413359845e+02 
       9.378100496966e-01       4.238568358801e+02 
       9.406265825176e-01       4.226787536286e+02 
       9.434431153577e-01       4.215069625164e+02 
       9.462596482168e-01       4.203412056227e+02 
       9.490761810947e-01       4.191808661874e+02 
       9.518927139913e-01       4.180260203124e+02 
       9.547092469064e-01       4.168764025820e+02 
       9.575257798398e-01       4.157323687115e+02 
       9.603423127915e-01       4.145940756283e+02 
       9.631588457611e-01       4.134615483181e+02 
       9.659753787486e-01       4.123348430221e+02 
       9.687919117538e-01       4.112136594105e+02 
       9.716084447766e-01       4.100979392762e+02 
       9.744249778167e-01       4.089872385648e+02 
       9.772415108741e-01       4.078817043121e+02 
       9.800580439486e-01       4.067813023113e+02 
       9.828745770400e-01       4.056862885167e+02 
       9.856911101483e-01       4.045964657603e+02 
       9.885076432732e-01       4.035118812732e+02 
       9.913241764146e-01       4.024322304536e+02 
       9.941407095724e-01       4.013573433378e+02 
       9.969572427465e-01       4.002871679907e+02 
       9.997737759366e-01       3.992218246619e+02 
       1.002590309143e+00       3.981614725775e+02 
       1.005406842365e+00       3.971063117965e+02 
       1.008223375602e+00       3.960562123796e+02 
       1.011039908856e+00       3.950110579809e+02 
       1.013856442124e+00       3.939704765580e+02 
       1.016672975408e+00       3.929342619723e+02 
       1.019489508707e+00       3.919023366547e+02 
       1.022306042021e+00       3.908747218484e+02 
       1.025122575351e+00       3.898516338610e+02 
       1.027939108695e+00       3.888331685417e+02 
       1.030755642053e+00       3.878194770289e+02 
       1.033572175426e+00       3.868103435259e+02 
       1.036388708814e+00       3.858056196723e+02 
       1.039205242216e+00       3.848050577563e+02 
       1.042021775632e+00       3.838085762887e+02 
       1.044838309062e+00       3.828165050808e+02 
       1.047654842507e+00       3.818286597028e+02 
       1.050471375965e+00       3.808452359406e+02 
       1.053287909437e+00       3.798661272238e+02 
       1.056104442922e+00       3.788911870977e+02 
       1.058920976421e+00       3.779201586720e+02 
       1.061737509934e+00       3.769529313888e+02 
       1.064554043460e+00       3.759894580862e+02 
       1.067370576999e+00       3.750298916797e+02 
       1.070187110551e+00       3.740743477982e+02 
       1.073003644116e+00       3.731230534332e+02 
       1.075820177694e+00       3.721758874091e+02 
       1.078636711285e+00       3.712327520860e+02 
       1.081453244889e+00       3.702933955473e+02 
       1.084269778505e+00       3.693577063544e+02 
       1.087086312134e+00       3.684256278179e+02 
       1.089902845775e+00       3.674971802207e+02 
       1.092719379429e+00       3.665726229840e+02 
       1.095535913094e+00       3.656519187982e+02 
       1.098352446772e+00       3.647350360183e+02 
       1.101168980462e+00       3.638217698535e+02 
       1.103985514164e+00       3.629119076444e+02 
       1.106802047878e+00       3.620053705172e+02 
       1.109618581603e+00       3.611022860947e+02 
       1.112435115340e+00       3.602026078315e+02 
       1.115251649089e+00       3.593065925096e+02 
       1.118068182849e+00       3.584143543647e+02 
       1.120884716621e+00       3.575257439117e+02 
       1.123701250404e+00       3.566406555174e+02 
       1.126517784198e+00       3.557588484588e+02 
       1.129334318003e+00       3.548803096336e+02 
       1.132150851820e+00       3.540049494875e+02 
       1.134967385647e+00       3.531329765940e+02 
       1.137783919485e+00       3.522643408090e+02 
       1.140600453334e+00       3.513991861855e+02 
       1.143416987194e+00       3.505374649858e+02 
       1.146233521065e+00       3.496788980028e+02 
       1.149050054946e+00       3.488234093612e+02 
       1.151866588838e+00       3.479708692043e+02 
       1.154683122740e+00       3.471213384603e+02 
       1.157499656652e+00       3.462750197025e+02 
       1.160316190575e+00       3.454318514826e+02 
       1.163132724508e+00       3.445920660836e+02 
       1.165949258451e+00       3.437554743969e+02 
       1.168765792404e+00       3.429219816938e+02 
       1.171582326367e+00       3.420913735192e+02 
       1.174398860340e+00       3.412636694391e+02 
       1.177215394323e+00       3.404388771360e+02 
       1.180031928316e+00       3.396171006665e+02 
       1.182848462318e+00       3.387984923145e+02 
       1.185664996330e+00       3.379830088037e+02 
       1.188481530351e+00       3.371705870173e+02 
       1.191298064382e+00       3.363610100449e+02 
       1.194114598423e+00       3.355542134364e+02 
       1.196931132473e+00       3.347500186122e+02 
       1.199747666532e+00       3.339486365818e+02 
       1.202564200600e+00       3.331501056890e+02 
       1.205380734678e+00       3.323544890291e+02 
       1.208197268764e+00       3.315618085060e+02 
       1.211013802860e+00       3.307720063559e+02 
       1.213830336965e+00       3.299848970308e+02 
       1.216646871078e+00       3.292003986393e+02 
       1.219463405201e+00       3.284184582297e+02 
       1.222279939332e+00       3.276391815210e+02 
       1.225096473472e+00       3.268626369553e+02 
       1.227913007620e+00       3.260889327569e+02 
       1.230729541778e+00       3.253180957919e+02 
       1.233546075943e+00       3.245498895045e+02 
       1.236362610118e+00       3.237844397370e+02 
       1.239179144300e+00       3.230213989968e+02 
       1.241995678492e+00       3.222608436535e+02 
       1.244812212691e+00       3.215028519425e+02 
       1.247628746899e+00       3.207475174320e+02 
       1.250445281114e+00       3.199948908351e+02 
       1.253261815338e+00       3.192448584816e+02 
       1.256078349571e+00       3.184975025453e+02 
       1.258894883811e+00       3.177525761176e+02 
       1.261711418059e+00       3.170099567600e+02 
       1.264527952315e+00       3.162697064617e+02 
       1.267344486579e+00       3.155318738121e+02 
       1.270161020851e+00       3.147964753217e+02 
       1.272977555130e+00       3.140637883558e+02 
       1.275794089418e+00       3.133335401619e+02 
       1.278610623713e+00       3.126057561527e+02 
       1.281427158015e+00       3.118803275173e+02 
       1.284243692326e+00       3.111571415496e+02 
       1.287060226643e+00       3.104361898747e+02 
       1.289876760969e+00       3.097175806740e+02 
       1.292693295301e+00       3.090014167496e+02 
       1.295509829641e+00       3.082877121276e+02 
       1.298326363988e+00       3.075764451799e+02 
       1.301142898343e+00       3.068675457198e+02 
       1.303959432705e+00       3.061608581580e+02 
       1.306775967074e+00       3.054563796986e+02 
       1.309592501450e+00       3.047540391677e+02 
       1.312409035833e+00       3.040539437535e+02 
       1.315225570224e+00       3.033562436411e+02 
       1.318042104621e+00       3.026609353276e+02 
       1.320858639025e+00       3.019679417485e+02 
       1.323675173437e+00       3.012771447902e+02 
       1.326491707855e+00       3.005885149232e+02 
       1.329308242280e+00       2.999019353250e+02 
       1.332124776711e+00       2.992174622353e+02 
       1.334941311150e+00       2.985351275052e+02 
       1.337757845595e+00       2.978550871109e+02 
       1.340574380047e+00       2.971773309936e+02 
       1.343390914505e+00       2.965017949948e+02 
       1.346207448970e+00       2.958283637950e+02 
       1.349023983442e+00       2.951569572999e+02 
       1.351840517920e+00       2.944875127642e+02 
       1.354657052404e+00       2.938201605193e+02 
       1.357473586895e+00       2.931548476328e+02 
       1.360290121392e+00       2.924917046077e+02 
       1.363106655896e+00       2.918307647418e+02 
       1.365923190406e+00       2.911718996675e+02 
       1.368739724922e+00       2.905151448067e+02 
       1.371556259444e+00       2.898602208656e+02 
       1.374372793973e+00       2.892072829211e+02 
       1.377189328508e+00       2.885563183351e+02 
       1.380005863048e+00       2.879073591751e+02 
       1.382822397595e+00       2.872604815719e+02 
       1.385638932148e+00       2.866156988743e+02 
       1.388455466707e+00       2.859730188436e+02 
       1.391272001272e+00       2.853322443627e+02 
       1.394088535842e+00       2.846933484422e+02 
       1.396905070419e+00       2.840562709509e+02 
       1.399721605001e+00       2.834211298075e+02 
       1.402538139590e+00       2.827879109168e+02 
       1.405354674184e+00       2.821567886198e+02 
       1.408171208783e+00       2.815276407451e+02 
       1.410987743389e+00       2.809004596810e+02 
       1.413804278000e+00       2.802751359826e+02 
       1.416620812617e+00       2.796516457389e+02 
       1.419437347239e+00       2.790299456938e+02 
       1.422253881867e+00       2.784100279375e+02 
       1.425070416501e+00       2.777921005942e+02 
       1.427886951140e+00       2.771760885155e+02 
       1.430703485784e+00       2.765619882402e+02 
       1.433520020434e+00       2.759498178034e+02 
       1.436336555089e+00       2.753394666080e+02 
       1.439153089750e+00       2.747308075626e+02 
       1.441969624416e+00       2.741238940857e+02 
       1.444786159088e+00       2.735187575311e+02 
       1.447602693764e+00       2.729154216702e+02 
       1.450419228446e+00       2.723141242080e+02 
       1.453235763133e+00       2.717145846525e+02 
       1.456052297826e+00       2.711168537009e+02 
       1.458868832523e+00       2.705208504623e+02 
       1.461685367226e+00       2.699265796250e+02 
       1.464501901933e+00       2.693339239953e+02 
       1.467318436646e+00       2.687430175820e+02 
       1.470134971364e+00       2.681539395207e+02 
       1.472951506087e+00       2.675666409233e+02 
       1.475768040815e+00       2.669811359564e+02 
       1.478584575548e+00       2.663973926072e+02 
       1.481401110285e+00       2.658152992864e+02 
       1.484217645028e+00       2.652348157755e+02 
       1.487034179775e+00       2.646559967299e+02 
       1.489850714528e+00       2.640788739762e+02 
       1.492667249285e+00       2.635034193593e+02 
       1.495483784047e+00       2.629298033800e+02 
       1.498300318814e+00       2.623578818604e+02 
       1.501116853585e+00       2.617876195536e+02 
       1.503933388361e+00       2.612190402203e+02 
       1.506749923142e+00       2.606519872015e+02 
       1.509566457928e+00       2.600864968537e+02 
       1.512382992718e+00       2.595226264783e+02 
       1.515199527512e+00       2.589604638658e+02 
       1.518016062312e+00       2.584000555295e+02 
       1.520832597116e+00       2.578412729717e+02 
       1.523649131924e+00       2.572841645576e+02 
       1.526465666737e+00       2.567285258023e+02 
       1.529282201554e+00       2.561744323938e+02 
       1.532098736376e+00       2.556218996155e+02 
       1.534915271202e+00       2.550708935374e+02 
       1.537731806033e+00       2.545216004704e+02 
       1.540548340868e+00       2.539739357314e+02 
       1.543364875708e+00       2.534278746823e+02 
       1.546181410551e+00       2.528834151079e+02 
       1.548997945399e+00       2.523404384707e+02 
       1.551814480252e+00       2.517989448686e+02 
       1.554631015108e+00       2.512589371526e+02 
       1.557447549969e+00       2.507204594329e+02 
       1.560264084834e+00       2.501836577117e+02 
       1.563080619703e+00       2.496483912100e+02 
       1.565897154577e+00       2.491146371367e+02 
       1.568713689454e+00       2.485824845790e+02 
       1.571530224336e+00       2.480517358538e+02 
       1.574346759222e+00       2.475224535687e+02 
       1.577163294112e+00       2.469945943778e+02 
       1.579979829006e+00       2.464682556373e+02 
       1.582796363904e+00       2.459434642170e+02 
       1.585612898806e+00       2.454202585813e+02 
       1.588429433712e+00       2.448985874605e+02 
       1.591245968622e+00       2.443782606238e+02 
       1.594062503536e+00       2.438594246917e+02 
       1.596879038454e+00       2.433419167800e+02 
       1.599695573375e+00       2.428259594968e+02 
       1.602512108301e+00       2.423113756662e+02 
       1.605328643231e+00       2.417982968581e+02 
       1.608145178164e+00       2.412868126580e+02 
       1.610961713101e+00       2.407767244053e+02 
       1.613778248042e+00       2.402680202717e+02 
       1.616594782987e+00       2.397607435498e+02 
       1.619411317936e+00       2.392547622357e+02 
       1.622227852888e+00       2.387502393420e+02 
       1.625044387844e+00       2.382471376129e+02 
       1.627860922804e+00       2.377454776502e+02 
       1.630677457767e+00       2.372452520588e+02 
       1.633493992735e+00       2.367464907331e+02 
       1.636310527705e+00       2.362490573744e+02 
       1.639127062680e+00       2.357529375711e+02 
       1.641943597658e+00       2.352581325319e+02 
       1.644760132640e+00       2.347647736547e+02 
       1.647576667625e+00       2.342727992435e+02 
       1.650393202614e+00       2.337821303820e+02 
       1.653209737606e+00       2.332929848686e+02 
       1.656026272602e+00       2.328051304512e+02 
       1.658842807601e+00       2.323186435822e+02 
       1.661659342604e+00       2.318334644819e+02 
       1.664475877610e+00       2.313495318734e+02 
       1.667292412620e+00       2.308669689584e+02 
       1.670108947633e+00       2.303857129915e+02 
       1.672925482650e+00       2.299059075660e+02 
       1.675742017670e+00       2.294274983634e+02 
       1.678558552694e+00       2.289502487217e+02 
       1.681375087720e+00       2.284744452920e+02 
       1.684191622750e+00       2.279998554270e+02 
       1.687008157784e+00       2.275265037646e+02 
       1.689824692821e+00       2.270544755451e+02 
       1.692641227861e+00       2.265837106471e+02 
       1.695457762904e+00       2.261143309394e+02 
       1.698274297951e+00       2.256463608024e+02 
       1.701090833001e+00       2.251796145381e+02 
       1.703907368054e+00       2.247141151764e+02 
       1.706723903110e+00       2.242497931875e+02 
       1.709540438170e+00       2.237867274294e+02 
       1.712356973233e+00       2.233249584833e+02 
       1.715173508299e+00       2.228644751783e+02 
       1.717990043368e+00       2.224053121582e+02 
       1.720806578440e+00       2.219474224211e+02 
       1.723623113515e+00       2.214907505114e+02 
       1.726439648594e+00       2.210353226920e+02 
       1.729256183675e+00       2.205810590162e+02 
       1.732072718760e+00       2.201280061501e+02 
       1.734889253848e+00       2.196761705716e+02 
       1.737705788938e+00       2.192256347284e+02 
       1.740522324032e+00       2.187763648863e+02 
       1.743338859129e+00       2.183283408290e+02 
       1.746155394229e+00       2.178815637775e+02 
       1.748971929332e+00       2.174359024851e+02 
       1.751788464437e+00       2.169914307522e+02 
       1.754604999546e+00       2.165480868537e+02 
       1.757421534658e+00       2.161059984970e+02 
       1.760238069772e+00       2.156651298110e+02 
       1.763054604890e+00       2.152255327547e+02 
       1.765871140010e+00       2.147870946606e+02 
       1.768687675134e+00       2.143498368129e+02 
       1.771504210260e+00       2.139138005864e+02 
       1.774320745389e+00       2.134788044735e+02 
       1.777137280521e+00       2.130449816206e+02 
       1.779953815656e+00       2.126123494733e+02 
       1.782770350793e+00       2.121809391709e+02 
       1.785586885934e+00       2.117506981130e+02 
       1.788403421077e+00       2.113216455113e+02 
       1.791219956223e+00       2.108937359452e+02 
       1.794036491372e+00       2.104669558842e+02 
       1.796853026523e+00       2.100412544247e+02 
       1.799669561678e+00       2.096166895215e+02 
       1.802486096835e+00       2.091932799454e+02 
       1.805302631994e+00       2.087710527871e+02 
       1.808119167157e+00       2.083499954474e+02 
       1.810935702322e+00       2.079300807854e+02 
       1.813752237490e+00       2.075112775833e+02 
       1.816568772660e+00       2.070935292110e+02 
       1.819385307833e+00       2.066768716845e+02 
       1.822201843009e+00       2.062612920636e+02 
       1.825018378187e+00       2.058468868907e+02 
       1.827834913368e+00       2.054336000775e+02 
       1.830651448552e+00       2.050214562195e+02 
       1.833467983738e+00       2.046104390685e+02 
       1.836284518927e+00       2.042004919336e+02 
       1.839101054118e+00       2.037915712325e+02 
       1.841917589312e+00       2.033837071408e+02 
       1.844734124509e+00       2.029769122793e+02 
       1.847550659708e+00       2.025712600947e+02 
       1.850367194909e+00       2.021667120816e+02 
       1.853183730114e+00       2.017633213298e+02 
       1.856000265320e+00       2.013609427997e+02 
       1.858816800529e+00       2.009596311074e+02 
       1.861633335741e+00       2.005593593912e+02 
       2.343657409796e+00       1.453097834436e+02 
       2.950489869685e+00       1.018386708790e+02 
       3.714446674188e+00       6.957358346777e+01 
       4.676211308889e+00       4.657910275626e+01 
       5.887001247680e+00       3.065317890793e+01 
       7.411295469968e+00       1.986526722455e+01 
       9.330268201458e+00       1.268337750081e+01 
       1.174611173767e+01       7.984369912505e+00 
       1.478747855633e+01       4.957621719924e+00 
       1.861633253092e+01       3.037817414475e+00 
       2.343657409759e+01       1.837635097754e+00 
       2.950489869685e+01       1.098066776504e+00 
       3.714446674188e+01       6.487040134442e-01 
       4.676211308889e+01       3.789805492926e-01 
       5.887001247680e+01       2.191551220105e-01 
       7.411295469968e+01       1.255834520357e-01 
       9.330268201458e+01       7.134623143000e-02 
       1.174611173767e+02       4.020507721162e-02 
       1.478747855633e+02       2.248491250278e-02 
