# Matter power spectrum P(k) at redshift z=0
# for k=1.01057e-05 to 16.0343 h/Mpc,
# number of wavenumbers equal to 124
#    1:k (h/Mpc)              2:P (Mpc/h)^3        
       1.010567660416e-05       4.117198607526e+01 
       1.272229308035e-05       5.170983813170e+01 
       1.601641805515e-05       6.494475948176e+01 
       2.016347569554e-05       8.156698662972e+01 
       2.538431194322e-05       1.024433412573e+02 
       3.195695536622e-05       1.286623649119e+02 
       4.023142319411e-05       1.615908967774e+02 
       5.064836101171e-05       2.029450211776e+02 
       6.376250874337e-05       2.548788533287e+02 
       8.027224257678e-05       3.200954937531e+02 
       1.010567660416e-04       4.019852063376e+02 
       1.272229308035e-04       5.047967190080e+02 
       1.601641805515e-04       6.338479965182e+02 
       2.016347569554e-04       7.957825387383e+02 
       2.538431194322e-04       9.988754363079e+02 
       3.195695536622e-04       1.253388889237e+03 
       4.023142319411e-04       1.571968397593e+03 
       5.064836101171e-04       1.970058091199e+03 
       6.376250874337e-04       2.466296661793e+03 
       8.027224257678e-04       3.082826609636e+03 
       1.010567660416e-03       3.845371930837e+03 
       1.272229308035e-03       4.782779178158e+03 
       1.601641805515e-03       5.925892742596e+03 
       2.016347569554e-03       7.304585004851e+03 
       2.538431194322e-03       8.943864463613e+03 
       3.195695536622e-03       1.085752471884e+04 
       4.023142319411e-03       1.304033065201e+04 
       5.064836101171e-03       1.545744957519e+04 
       6.376250874337e-03       1.803058150651e+04 
       8.027224257678e-03       2.062123648296e+04 
       1.010567660416e-02       2.301426390068e+04 
       1.272229308035e-02       2.490285506160e+04 
       1.601641805514e-02       2.589677294322e+04 
       2.016347562739e-02       2.557268381115e+04 
       2.538424741695e-02       2.365901801074e+04 
       3.194628827247e-02       2.038429437089e+04 
       3.981580577258e-02       1.684091816162e+04 
       4.677599642333e-02       1.464173057555e+04 
       5.177660095752e-02       1.354938448672e+04 
       5.584721633271e-02       1.285895613795e+04 
       5.945691002081e-02       1.232931374655e+04 
       6.281029015701e-02       1.186491477754e+04 
       6.601377331488e-02       1.142046693288e+04 
       6.913037478181e-02       1.097331867501e+04 
       7.220110083783e-02       1.051355231212e+04 
       7.525463792976e-02       1.003936808732e+04 
       7.831225801043e-02       9.554461073874e+03 
       8.139052119068e-02       9.066192496569e+03 
       8.450286640166e-02       8.584017142490e+03 
       8.766059828552e-02       8.117991566667e+03 
       9.087352632860e-02       7.677572648036e+03 
       9.415039365409e-02       7.270419949662e+03 
       9.749917321900e-02       6.901640703138e+03 
       1.009272773962e-01       6.573302052230e+03 
       1.044417091903e-01       6.284248802269e+03 
       1.080491730311e-01       6.030405209123e+03 
       1.117561568873e-01       5.805168532434e+03 
       1.155689936010e-01       5.600182286113e+03 
       1.194939069083e-01       5.406334008758e+03 
       1.235370460282e-01       5.214965368669e+03 
       1.277045116675e-01       5.019226214370e+03 
       1.320023756000e-01       4.815265431170e+03 
       1.364366955195e-01       4.602937133070e+03 
       1.410135265619e-01       4.385698283448e+03 
       1.457389306891e-01       4.169593479328e+03 
       1.506189850002e-01       3.961557229626e+03 
       1.556597899476e-01       3.767590236521e+03 
       1.608674783866e-01       3.591259663926e+03 
       1.662482263543e-01       3.433005865447e+03 
       1.718082664509e-01       3.290338062783e+03 
       1.775539046845e-01       3.158785729279e+03 
       1.834915416318e-01       3.033501695014e+03 
       1.896276987603e-01       2.910335348535e+03 
       1.959690507613e-01       2.787243543613e+03 
       2.025224647541e-01       2.664903563419e+03 
       2.092950472515e-01       2.545843751310e+03 
       2.162941998311e-01       2.432757038086e+03 
       2.235276845488e-01       2.327249307540e+03 
       2.310037002701e-01       2.229420318593e+03 
       2.387309713042e-01       2.138137913606e+03 
       2.467188500118e-01       2.051680413481e+03 
       2.549774354666e-01       1.968688442659e+03 
       2.635177107849e-01       1.888690193289e+03 
       2.723517024664e-01       1.811927965051e+03 
       2.814926660438e-01       1.738904238229e+03 
       2.909553036075e-01       1.669827691897e+03 
       3.007560204461e-01       1.604447209548e+03 
       3.109132302784e-01       1.542291256795e+03 
       3.214477215414e-01       1.482970629916e+03 
       3.323831012581e-01       1.426287015555e+03 
       3.437463385582e-01       1.372152072752e+03 
       3.555684376407e-01       1.320471682678e+03 
       3.678852808264e-01       1.271091349765e+03 
       3.807386978859e-01       1.223802417804e+03 
       3.941778404354e-01       1.178430388070e+03 
       4.082609736903e-01       1.134827097637e+03 
       4.230578485129e-01       1.092841660417e+03 
       4.386528949487e-01       1.052319583039e+03 
       4.551496023343e-01       1.013092681111e+03 
       4.726766524971e-01       9.749916363737e+02 
       4.913967100151e-01       9.378373592611e+02 
       5.115193580385e-01       9.014384651095e+02 
       5.333207196332e-01       8.655629952802e+02 
       5.571742785298e-01       8.299484992350e+02 
       5.836013032536e-01       7.942680963448e+02 
       6.133573800399e-01       7.580924057663e+02 
       6.475895160587e-01       7.208338245042e+02 
       6.881408882246e-01       6.816308361421e+02 
       7.381886073417e-01       6.391381506259e+02 
       8.036874638760e-01       5.911156824065e+02 
       8.967878357531e-01       5.337154546903e+02 
       1.042610079571e+00       4.612456028063e+02 
       1.276826789716e+00       3.727521942975e+02 
       1.603502834263e+00       2.842417379879e+02 
       2.018601495903e+00       2.080377194421e+02 
       2.541268314073e+00       1.470582497333e+02 
       3.199267258501e+00       1.011699637946e+02 
       4.027638850848e+00       6.814254698510e+01 
       5.070496898862e+00       4.508945648017e+01 
       6.383377396401e+00       2.935502294763e+01 
       8.036196017402e+00       1.881252940790e+01 
       1.011697138047e+01       1.187593065778e+01 
       1.273651236126e+01       7.388102975169e+00 
       1.603431906923e+01       4.531839952702e+00 
